//*********************************
// Add comments here.
// Do not edit any line below CRC32
//*********************************
//CRC8  : 0xFE
//CRC32 : 0xC21117F4
//Config File Version : 2.0
//Device Family : RockyR2
//Created Date : 11/16/2017 4:13:45 PM
//Created by : 038760
//Company : Avnet, Inc
0000 00 00
0001 06 0F
0002 00 00
0003 00 00
0004 00 00
0005 00 00
0006 00 00
0007 00 00
0014 00 00
0015 00 00
0016 00 00
0017 00 00
0018 00 00
0019 00 00
001A 00 00
001B 00 00
001C 00 00
001D 00 00
001E 00 00
001F 00 00
0020 40 FF
0021 10 FF
0022 D4 FF
0023 21 FF
0024 00 FF
0025 17 F7
0026 00 FF
0027 52 FF
0028 1C FF
0029 40 FF
002A 16 FF
002B 11 FF
002C 52 FF
002D 49 FF
002E 00 FF
002F 00 00
0030 52 FF
0031 00 FF
0032 00 FF
0033 00 FF
0034 02 FF
0035 00 FF
0036 00 FF
0037 00 FF
0038 00 FF
0039 07 FF
003A 00 00
003B 00 00
003C 00 00
003D 00 00
003E 00 00
003F 00 00
0040 00 00
0041 00 00
0042 00 00
0043 00 00
0044 00 00
0045 00 00
0046 00 00
0047 00 00
0048 00 00
0049 00 00
004A 00 00
004B 00 00
004C 00 00
004D 00 00
004E 00 00
004F 00 00
0050 06 00
0051 1F 00
0052 07 00
0053 05 00
0054 00 00
0055 00 00
0056 21 00
0057 1A 00
0058 00 00
0059 00 00
005A FF 00
005B 00 00
005C D6 00
005D 64 00
005E 2A 00
005F 20 00
0060 2A 00
0061 00 00
0062 A0 00
0063 A0 00
0064 03 00
0065 00 00
0066 19 00
0067 01 00
0068 B0 00
0069 00 00
006A 22 00
006B 00 00
006C 03 00
006D 00 00
006E 00 00
006F 00 00
0070 00 00
0071 00 00
0072 00 00
0073 00 00
0074 00 00
0075 00 00
0076 00 00
0077 00 00
0078 00 00
0079 00 00
007A C0 00
007B 03 00
007C 00 00
007D 00 00
007E 00 00
007F 00 00
0080 00 00
0081 00 00
0082 00 00
0083 00 00
0084 00 00
0085 1F 00
0086 07 00
0087 00 00
0088 00 00
0089 80 00
008A 00 00
008B 00 00
008C 00 00
008D 00 00
008E 00 00
008F 00 00
0090 00 00
0091 00 00
0092 00 00
0093 00 00
0094 00 00
0095 00 00
0096 00 00
0097 00 00
0098 00 00
0099 00 00
009A 00 00
009B 00 00
009C 00 00
009D 00 00
009E 00 00
009F 00 00
00A0 00 00
00A1 00 00
00A2 00 00
00A3 00 00
00A4 00 00
00A5 00 00
00A6 00 00
00A7 00 00
00A8 00 00
00A9 00 00
00AA 00 00
00AB 00 00
00AC 00 00
00AD 00 00
00AE 00 00
00AF 00 00
00B0 00 00
00B1 00 00
00B2 00 00
00B3 00 00
00B4 00 00
00B5 00 00
00B6 00 00
00B7 00 00
00B8 00 00
00B9 00 00
00BA 00 00
00BB 00 00
00BC 00 00
00BD 00 00
00BE 00 00
00BF 00 00
00C0 00 00
00C1 00 00
00C2 00 00
00C3 00 00
00C4 00 00
00C5 00 00
00C6 00 00
00C7 00 00
00C8 00 00
00C9 00 00
00CA 00 00
00CB 00 00
00CC 00 00
00CD 00 00
00CE 00 00
00CF 00 00
00D0 00 00
00D1 00 00
00D2 00 00
00D3 00 00
00D4 00 00
00D5 00 00
00D6 00 00
00D7 00 00
00D8 00 00
00D9 00 00
00DA 00 00
00DB 00 00
00DC 00 00
00DD 00 00
00DE 00 00
00DF 00 00
00E0 00 00
00E1 00 00
00E2 00 00
00E3 00 00
00E4 00 00
00E5 00 00
00E6 00 00
00E7 00 00
00E8 00 00
00E9 00 00
00EA 00 00
00EB 00 00
00EC 00 00
00ED 00 00
00EE 00 00
00EF 00 00
00F0 00 00
00F1 00 00
00F2 00 00
00F3 00 00
00F4 00 00
00F5 00 00
00F6 00 00
00F7 00 00
00F8 00 00
00F9 00 00
00FA 12 00
00FB 10 00
00FC 52 00
00FD 03 00
00FE 00 00
00FF 00 00
0100 00 00
0101 00 00
0102 00 00
0103 00 00
0104 00 00
0105 00 00
0106 00 00
0107 00 00
0108 00 00
0109 00 00
010A 00 00
010B 00 00
010C 00 00
010D 00 00
010E 00 00
010F 00 00
0110 00 00
0111 00 00
0112 00 00
0113 00 00
0114 00 00
0115 00 00
0116 00 00
0117 00 00
0118 00 00
0119 00 00
011A 00 00
011B 00 00
011C 00 00
011D 00 00
011E 00 00
011F 00 00
0120 00 00
0121 00 00
0122 00 00
0123 00 00
0124 00 00
0125 00 00
0126 00 00
0127 00 00
0128 00 00
0129 00 00
012A 00 00
012B 00 00
012C 00 00
012D 00 00
012E 00 00
012F 00 00
0130 00 00
0131 00 00
0132 00 00
0133 00 00
0134 00 00
0135 00 00
0136 00 00
0137 00 00
0138 00 00
0139 00 00
013A 00 00
013B 00 00
013C 00 00
013D 00 00
013E 00 00
013F 00 00
0140 00 00
0141 00 00
0142 00 00
0143 00 00
0144 00 00
0145 00 00
0146 00 00
0147 00 00
0148 00 00
0149 00 00
014A 00 00
014B 00 00
014C 00 00
014D 00 00
014E 00 00
014F 00 00
0150 00 00
0151 00 00
0152 00 00
0153 00 00
0154 00 00
0155 00 00
0156 00 00
0157 00 00
0158 00 00
0159 00 00
015A 00 00
015B 00 00
015C 00 00
015D 00 00
015E 00 00
015F 00 00
0160 00 00
0161 00 00
0162 00 00
0163 00 00
0164 00 00
0165 00 00
0166 00 00
0167 00 00
0168 00 00
0169 00 00
016A 00 00
016B 00 00
016C 00 00
016D 00 00
016E 00 00
016F 00 00
0170 00 00
0171 00 00
0172 00 00
0173 00 00
0174 00 00
0175 00 00
0176 00 00
0177 00 00
0178 00 00
0179 00 00
017A 00 00
017B 00 00
017C 00 00
017D 00 00
017E 00 00
017F 00 00
0180 00 00
0181 00 00
0182 00 00
0183 00 00
0184 00 00
0185 00 00
0186 00 00
0187 00 00
0188 00 00
0189 00 00
018A 00 00
018B 00 00
018C 00 00
018D 00 00
018E 00 00
018F 00 00
0190 00 00
0191 00 00
0192 00 00
0193 00 00
0194 00 00
0195 00 00
0196 00 00
0197 00 00
0198 00 00
0199 00 00
019A 00 00
019B 00 00
019C 00 00
019D 00 00
019E 00 00
019F 00 00
01A0 00 00
01A1 00 00
01A2 00 00
01A3 00 00
01A4 00 00
01A5 00 00
01A6 00 00
01A7 00 00
01A8 00 00
01A9 00 00
01AA 00 00
01AB 00 00
01AC 00 00
01AD 00 00
01AE 00 00
01AF 00 00
01B0 00 00
01B1 00 00
01B2 00 00
01B3 00 00
01B4 00 00
01B5 00 00
01B6 00 00
01B7 00 00
01B8 00 00
01B9 00 00
01BA 00 00
01BB 00 00
01BC 00 00
01BD 00 00
01BE 00 00
01BF 00 00
01C0 00 00
01C1 00 00
01C2 00 00
01C3 00 00
01C4 00 00
01C5 00 00
01C6 00 00
01C7 00 00
01C8 00 00
01C9 00 00
01CA 00 00
01CB 00 00
01CC 00 00
01CD 00 00
01CE 00 00
01CF 00 00
01D0 00 00
01D1 00 00
01D2 00 00
01D3 00 00
01D4 00 00
01D5 00 00
01D6 00 00
01D7 00 00
01D8 00 00
01D9 00 00
01DA 00 00
01DB 00 00
01DC 00 00
01DD 00 00
01DE 00 00
01DF 00 00
01E0 00 00
01E1 00 00
01E2 00 00
01E3 00 00
01E4 00 00
01E5 00 00
01E6 00 00
01E7 00 00
01E8 00 00
01E9 00 00
01EA 00 00
01EB 00 00
01EC 00 00
01ED 00 00
01EE 00 00
01EF 00 00
01F0 00 00
01F1 00 00
01F2 00 00
01F3 00 00
01F4 00 00
01F5 00 00
01F6 00 00
01F7 00 00
01F8 00 00
01F9 00 00
01FA 00 00
01FB 00 00
01FC 00 00
01FD 00 00
01FE 00 00
01FF 00 00
0200 00 00
0201 00 00
0202 00 00
0203 00 00
0204 00 00
0205 00 00
0206 00 00
0207 00 00
0208 00 00
0209 00 00
020A 00 00
020B 00 00
020C 00 00
020D 00 00
020E 00 00
020F 00 00
0210 00 00
0211 00 00
0212 00 00
0213 00 00
0214 00 00
0215 00 00
0216 00 00
0217 00 00
0218 00 00
0219 00 00
021A 00 00
021B 00 00
021C 00 00
021D 00 00
021E 00 00
021F 00 00
0220 00 00
0221 00 00
0222 00 00
0223 00 00
0224 00 00
0225 00 00
0226 00 00
0227 00 00
0228 00 00
0229 00 00
022A 00 00
022B 00 00
022C 00 00
022D 00 00
022E 00 00
022F 00 00
0230 00 00
0231 00 00
0232 00 00
0233 00 00
0234 00 00
0235 00 00
0236 00 00
0237 00 00
0238 00 00
0239 00 00
023A 00 00
023B 00 00
023C 00 00
023D 00 00
023E 00 00
023F 00 00
0240 00 00
0241 00 00
0242 00 00
0243 00 00
0244 00 00
0245 00 00
0246 00 00
0247 00 00
0248 00 00
0249 00 00
024A 00 00
024B 00 00
024C 00 00
024D 00 00
024E 00 00
024F 00 00
0250 00 00
0251 00 00
0252 00 00
0253 00 00
0254 00 00
0255 00 00
0256 00 00
0257 00 00
0258 00 00
0259 00 00
025A 00 00
025B 00 00
025C 00 00
025D 00 00
025E 00 00
025F 00 00
0260 00 00
0261 00 00
0262 00 00
0263 00 00
0264 00 00
0265 00 00
0266 00 00
0267 00 00
0268 00 00
0269 00 00
026A 00 00
026B 00 00
026C 00 00
026D 00 00
026E 00 00
026F 00 00
0270 00 00
0271 00 00
0272 00 00
0273 00 00
0274 00 00
0275 00 00
0276 00 00
0277 00 00
0278 00 00
0279 00 00
027A 00 00
027B 00 00
027C 00 00
027D 00 00
027E 00 00
027F 00 00
0280 00 00
0281 00 00
0282 00 00
0283 00 00
0284 00 00
0285 00 00
0286 00 00
0287 00 00
0288 00 00
0289 00 00
028A 00 00
028B 00 00
028C 00 00
028D 00 00
028E 00 00
028F 00 00
0290 00 00
0291 00 00
0292 00 00
0293 00 00
0294 00 00
0295 00 00
0296 00 00
0297 00 00
0298 00 00
0299 00 00
029A 00 00
029B 00 00
029C 00 00
029D 00 00
029E 00 00
029F 00 00
02A0 00 00
02A1 00 00
02A2 00 00
02A3 00 00
02A4 00 00
02A5 00 00
02A6 00 00
02A7 00 00
02A8 00 00
02A9 00 00
02AA 00 00
02AB 00 00
02AC 00 00
02AD 00 00
02AE 00 00
02AF 00 00
02B0 00 00
02B1 00 00
02B2 00 00
02B3 00 00
02B4 00 00
02B5 00 00
02B6 00 00
02B7 00 00
02B8 00 00
02B9 00 00
02BA 00 00
02BB 00 00
02BC 00 00
02BD 00 00
02BE 00 00
02BF 00 00
02C0 00 00
02C1 00 00
02C2 00 00
02C3 00 00
02C4 00 00
02C5 00 00
02C6 00 00
02C7 00 00
02C8 00 00
02C9 00 00
02CA 00 00
02CB 00 00
02CC 00 00
02CD 00 00
02CE 00 00
02CF 00 00
02D0 00 00
02D1 00 00
02D2 00 00
02D3 00 00
02D4 00 00
02D5 00 00
02D6 00 00
02D7 00 00
02D8 00 00
02D9 00 00
02DA 00 00
02DB 00 00
02DC 00 00
02DD 00 00
02DE 00 00
02DF 00 00
02E0 00 00
02E1 00 00
02E2 00 00
02E3 00 00
02E4 00 00
02E5 00 00
02E6 00 00
02E7 00 00
02E8 00 00
02E9 00 00
02EA 00 00
02EB 00 00
02EC 00 00
02ED 00 00
02EE 00 00
02EF 00 00
02F0 00 00
02F1 00 00
02F2 00 00
02F3 00 00
02F4 00 00
02F5 00 00
02F6 00 00
02F7 00 00
02F8 00 00
02F9 00 00
02FA 00 00
02FB 00 00
02FC 00 00
02FD 00 00
02FE 00 00
02FF 00 00
0300 00 00
0301 00 00
0302 00 00
0303 00 00
0304 00 00
0305 00 00
0306 00 00
0307 00 00
0308 00 00
0309 00 00
030A 00 00
030B 00 00
030C 00 00
030D 00 00
030E 00 00
030F 00 00
0310 00 00
0311 00 00
0312 00 00
0313 00 00
0314 00 00
0315 00 00
0316 00 00
0317 00 00
0318 00 00
0319 00 00
031A 00 00
031B 00 00
031C 00 00
031D 00 00
031E 00 00
031F 00 00
0320 00 00
0321 00 00
0322 00 00
0323 00 00
0324 00 00
0325 00 00
0326 00 00
0327 00 00
0328 00 00
0329 00 00
032A 00 00
032B 00 00
032C 00 00
032D 00 00
032E 00 00
032F 00 00
0330 00 00
0331 00 00
0332 00 00
0333 00 00
0334 00 00
0335 00 00
0336 00 00
0337 00 00
0338 00 00
0339 00 00
033A 00 00
033B 00 00
033C 00 00
033D 00 00
033E 00 00
033F 00 00
0340 00 00
0341 00 00
0342 00 00
0343 00 00
0344 00 00
0345 00 00
0346 00 00
0347 00 00
0348 00 00
0349 00 00
034A 00 00
034B 00 00
034C 00 00
034D 00 00
034E 00 00
034F 00 00
0350 00 00
0351 00 00
0352 00 00
0353 00 00
0354 00 00
0355 00 00
0356 00 00
0357 00 00
0358 00 00
0359 00 00
035A 00 00
035B 00 00
035C 00 00
035D 00 00
035E 00 00
035F 00 00
0360 00 00
0361 00 00
0362 00 00
0363 00 00
0364 00 00
0365 00 00
0366 00 00
0367 00 00
0368 00 00
0369 00 00
036A 00 00
036B 00 00
036C 00 00
036D 00 00
036E 00 00
036F 00 00
0370 00 00
0371 00 00
0372 00 00
0373 00 00
0374 00 00
0375 00 00
0376 00 00
0377 00 00
0378 00 00
0379 00 00
037A 00 00
037B 00 00
037C 00 00
037D 00 00
037E 00 00
037F 00 00
0380 00 00
0381 00 00
0382 00 00
0383 00 00
0384 00 00
0385 00 00
0386 00 00
0387 00 00
0388 00 00
0389 00 00
038A 00 00
038B 00 00
038C 00 00
038D 00 00
038E 00 00
038F 00 00
0390 00 00
0391 00 00
0392 00 00
0393 00 00
0394 00 00
0395 00 00
0396 00 00
0397 00 00
0398 00 00
0399 00 00
039A 00 00
039B 00 00
039C 00 00
039D 00 00
039E 00 00
039F 00 00
03A0 00 00
03A1 00 00
03A2 00 00
03A3 00 00
03A4 00 00
03A5 00 00
03A6 00 00
03A7 00 00
03A8 00 00
03A9 00 00
03AA 00 00
03AB 00 00
03AC 00 00
03AD 00 00
03AE 00 00
03AF 00 00
03B0 00 00
03B1 00 00
03B2 00 00
03B3 00 00
03B4 00 00
03B5 00 00
03B6 00 00
03B7 00 00
03B8 00 00
03B9 00 00
03BA 00 00
03BB 00 00
03BC 00 00
03BD 00 00
03BE 00 00
03BF 00 00
03C0 00 00
03C1 00 00
03C2 00 00
03C3 00 00
03C4 00 00
03C5 00 00
03C6 00 00
03C7 00 00
03C8 00 00
03C9 00 00
03CA 00 00
03CB 00 00
03CC 00 00
03CD 00 00
03CE 00 00
03CF 00 00
03D0 00 00
03D1 00 00
03D2 00 00
03D3 00 00
03D4 00 00
03D5 00 00
03D6 00 00
03D7 00 00
03D8 00 00
03D9 00 00
03DA 00 00
03DB 00 00
03DC 00 00
03DD 00 00
03DE 00 00
03DF 00 00
03E0 00 00
03E1 00 00
03E2 00 00
03E3 00 00
03E4 00 00
03E5 00 00
03E6 00 00
03E7 00 00
03E8 00 00
03E9 00 00
03EA 00 00
03EB 00 00
03EC 00 00
03ED 00 00
03EE 00 00
03EF 00 00
03F0 00 00
03F1 00 00
03F2 00 00
03F3 00 00
03F4 00 00
03F5 00 00
03F6 00 00
03F7 00 00
03F8 00 00
03F9 00 00
03FA 00 00
03FB 00 00
03FC 00 00
03FD 00 00
03FE 00 00
03FF 00 00
0408 00 00
0409 00 00
040A 00 00
040B 00 00
040C 00 00
040D 00 00
040E 00 00
040F 00 00
0410 00 00
0411 00 00
0412 00 00
0413 00 00
0414 00 00
0415 00 00
0416 00 00
0417 00 00
0418 00 00
0419 00 00
041A 00 00
041B 00 00
041C 00 00
041D 00 00
041E 00 00
041F 00 00
0420 08 0F
0421 00 FF
0422 2A FF
0423 28 FF
0424 A3 FF
0425 00 3F
0426 88 FF
0427 98 FF
0428 06 FF
0429 0F FF
042A 09 FF
042B 00 3F
042C 00 00
042D 00 00
042E 00 00
042F 00 00
0430 00 00
0431 00 00
0432 00 00
0433 00 00
0434 00 00
0435 00 00
0436 00 00
0437 00 00
0438 00 00
0439 00 00
043A 00 00
043B 00 00
043C 00 00
043D 00 00
043E 00 00
043F 00 00
0440 00 00
0441 00 00
0442 00 00
0443 00 00
0444 00 00
0445 00 00
0446 00 00
0447 00 00
0448 00 00
0449 00 00
044A 00 00
044B 00 00
044C 00 00
044D 00 00
044E 00 00
044F 00 00
0450 00 00
0451 00 00
0452 33 00
0453 00 00
0454 67 00
0455 01 00
0456 54 00
0457 05 00
0458 00 00
0459 00 00
045A 00 00
045B 00 00
045C 00 00
045D 00 00
045E 00 00
045F 00 00
0460 00 00
0461 00 00
0462 00 00
0463 00 00
0464 00 00
0465 00 00
0466 00 00
0467 00 00
0468 00 00
0469 00 00
046A 00 00
046B 00 00
046C 00 00
046D 00 00
046E 00 00
046F 00 00
0470 00 00
0471 00 00
0472 AD 00
0473 04 00
0474 00 00
0475 00 00
0476 00 00
0477 00 00
0478 00 00
0479 00 00
047A 00 00
047B 00 00
047C 00 00
047D 00 00
047E 00 00
047F 00 00
0480 00 00
0481 00 00
0482 00 00
0483 00 00
0484 00 00
0485 00 00
0486 00 00
0487 00 00
0488 00 00
0489 00 00
048A 00 00
048B 00 00
048C 00 00
048D 00 00
048E 00 00
048F 00 00
0490 00 00
0491 00 00
0492 00 00
0493 00 00
0494 00 00
0495 00 00
0496 00 00
0497 00 00
0498 00 00
0499 00 00
049A 00 00
049B 00 00
049C 00 00
049D 00 00
049E 00 00
049F 00 00
04A0 00 00
04A1 00 00
04A2 00 00
04A3 00 00
04A4 00 00
04A5 00 00
04A6 00 00
04A7 00 00
04A8 00 00
04A9 00 00
04AA 00 00
04AB 00 00
04AC 00 00
04AD 00 00
04AE 00 00
04AF 00 00
04B0 00 00
04B1 00 00
04B2 00 00
04B3 00 00
04B4 00 00
04B5 00 00
04B6 00 00
04B7 00 00
04B8 00 00
04B9 00 00
04BA 00 00
04BB 00 00
04BC 00 00
04BD 00 00
04BE 00 00
04BF 00 00
04C0 00 00
04C1 00 00
04C2 00 00
04C3 00 00
04C4 00 00
04C5 00 00
04C6 00 00
04C7 00 00
04C8 00 00
04C9 00 00
04CA 00 00
04CB 00 00
04CC 00 00
04CD 00 00
04CE 00 00
04CF 00 00
04D0 00 00
04D1 00 00
04D2 00 00
04D3 00 00
04D4 00 00
04D5 00 00
04D6 00 00
04D7 00 00
04D8 00 00
04D9 00 00
04DA 00 00
04DB 00 00
04DC 00 00
04DD 00 00
04DE 00 00
04DF 00 00
04E0 00 00
04E1 00 00
04E2 00 00
04E3 00 00
04E4 00 00
04E5 00 00
04E6 00 00
04E7 00 00
04E8 00 00
04E9 00 00
04EA 00 00
04EB 00 00
04EC 00 00
04ED 00 00
04EE 00 00
04EF 00 00
04F0 00 00
04F1 00 00
04F2 00 00
04F3 00 00
04F4 00 00
04F5 00 00
04F6 00 00
04F7 00 00
04F8 00 00
04F9 00 00
04FA 00 00
04FB 00 00
04FC 00 00
04FD 00 00
04FE 00 00
04FF 04 00
0500 00 00
0501 00 00
0502 00 00
0503 00 00
0504 00 00
0505 00 00
0506 00 00
0507 00 00
0508 00 00
0509 00 00
050A 00 00
050B 00 00
050C 00 00
050D 00 00
050E 00 00
050F 00 00
0510 00 00
0511 00 00
0512 00 00
0513 00 00
0514 00 00
0515 00 00
0516 00 00
0517 00 00
0518 00 00
0519 00 00
051A 00 00
051B 00 00
051C 00 00
051D 00 00
051E 00 00
051F 00 00
0520 00 00
0521 00 00
0522 00 00
0523 00 00
0524 00 00
0525 00 00
0526 00 00
0527 00 00
0528 00 00
0529 00 00
052A 00 00
052B 00 00
052C 00 00
052D 00 00
052E 00 00
052F 00 00
0530 00 00
0531 00 00
0532 00 00
0533 00 00
0534 00 00
0535 00 00
0536 00 00
0537 00 00
0538 00 00
0539 00 00
053A 00 00
053B 00 00
053C 00 00
053D 00 00
053E 00 00
053F 00 00
0540 00 00
0541 00 00
0542 00 00
0543 00 00
0544 00 00
0545 00 00
0546 00 00
0547 00 00
0548 00 00
0549 00 00
054A 00 00
054B 00 00
054C 00 00
054D 00 00
054E 00 00
054F 00 00
0550 00 00
0551 00 00
0552 00 00
0553 00 00
0554 00 00
0555 00 00
0556 00 00
0557 00 00
0558 00 00
0559 00 00
055A 00 00
055B 00 00
055C 00 00
055D 00 00
055E 00 00
055F 00 00
0560 00 00
0561 00 00
0562 00 00
0563 00 00
0564 00 00
0565 00 00
0566 00 00
0567 00 00
0568 00 00
0569 00 00
056A 00 00
056B 00 00
056C 00 00
056D 00 00
056E 00 00
056F 00 00
0570 00 00
0571 00 00
0572 00 00
0573 00 00
0574 00 00
0575 00 00
0576 00 00
0577 00 00
0578 00 00
0579 00 00
057A 00 00
057B 00 00
057C 00 00
057D 00 00
057E 00 00
057F 00 00
0580 00 00
0581 00 00
0582 00 00
0583 00 00
0584 00 00
0585 00 00
0586 00 00
0587 00 00
0588 00 00
0589 00 00
058A 00 00
058B 00 00
058C 00 00
058D 00 00
058E 00 00
058F 00 00
0590 00 00
0591 00 00
0592 00 00
0593 00 00
0594 00 00
0595 00 00
0596 00 00
0597 00 00
0598 00 00
0599 00 00
059A 00 00
059B 00 00
059C 00 00
059D 00 00
059E 00 00
059F 00 00
05A0 00 00
05A1 00 00
05A2 00 00
05A3 00 00
05A4 00 00
05A5 00 00
05A6 00 00
05A7 00 00
05A8 00 00
05A9 00 00
05AA 00 00
05AB 00 00
05AC 00 00
05AD 00 00
05AE 00 00
05AF 00 00
05B0 00 00
05B1 00 00
05B2 00 00
05B3 00 00
05B4 00 00
05B5 00 00
05B6 00 00
05B7 00 00
05B8 00 00
05B9 00 00
05BA 00 00
05BB 00 00
05BC 00 00
05BD 00 00
05BE 00 00
05BF 00 00
05C0 00 00
05C1 00 00
05C2 00 00
05C3 00 00
05C4 00 00
05C5 00 00
05C6 00 00
05C7 00 00
05C8 00 00
05C9 00 00
05CA 00 00
05CB 00 00
05CC 00 00
05CD 00 00
05CE 00 00
05CF 00 00
05D0 00 00
05D1 00 00
05D2 00 00
05D3 00 00
05D4 00 00
05D5 00 00
05D6 00 00
05D7 00 00
05D8 00 00
05D9 00 00
05DA 00 00
05DB 00 00
05DC 00 00
05DD 00 00
05DE 00 00
05DF 00 00
05E0 00 00
05E1 00 00
05E2 00 00
05E3 00 00
05E4 00 00
05E5 00 00
05E6 00 00
05E7 00 00
05E8 00 00
05E9 00 00
05EA 00 00
05EB 00 00
05EC 00 00
05ED 00 00
05EE 00 00
05EF 00 00
05F0 00 00
05F1 00 00
05F2 00 00
05F3 00 00
05F4 00 00
05F5 00 00
05F6 00 00
05F7 00 00
05F8 00 00
05F9 00 00
05FA 00 00
05FB 00 00
05FC 00 00
05FD 00 00
05FE 00 00
05FF 00 00
0600 00 00
0601 DD 00
0602 80 FF
0603 00 00
0604 1E FF
0605 00 00
0606 00 00
0607 DD 00
0608 00 00
0609 DD 00
060A 00 00
060B DD 00
060C 00 00
060D DD 00
060E 00 00
060F DD 00
0610 00 00
0611 DD 00
0612 00 00
0613 DD 00
0614 00 00
0615 DD 00
0616 00 00
0617 DD 00
0618 00 00
0619 DD 00
061A 00 00
061B DD 00
061C 00 00
061D DD 00
061E 00 00
061F DD 00
0620 00 FF
0621 00 00
0622 00 00
0623 DD 00
0624 00 00
0625 DD 00
0626 00 00
0627 DD 00
0628 00 00
0629 DD 00
062A 00 00
062B DD 00
062C 00 00
062D DD 00
062E 00 00
062F DD 00
0630 00 00
0631 DD 00
0632 00 00
0633 DD 00
0634 00 00
0635 DD 00
0636 00 00
0637 DD 00
0638 00 00
0639 DD 00
063A 00 00
063B DD 00
063C 00 00
063D DD 00
063E 00 00
063F DD 00
0640 18 FF
0641 00 00
0642 CD FF
0643 01 FF
0644 00 FF
0645 00 FF
0646 00 00
0647 DD 00
0648 DB FF
0649 01 FF
064A DB FF
064B 01 FF
064C BF FF
064D 01 FF
064E 04 FF
064F E8 FF
0650 00 00
0651 DD 00
0652 08 FF
0653 E8 FF
0654 00 00
0655 DD 00
0656 00 00
0657 DD 00
0658 00 00
0659 DD 00
065A 00 00
065B DD 00
065C 00 00
065D DD 00
065E 00 00
065F DD 00
0660 00 00
0661 DD 00
0662 00 00
0663 DD 00
0664 00 00
0665 DD 00
0666 E8 FF
0667 03 FF
0668 00 00
0669 DD 00
066A 12 FF
066B F0 FF
066C 10 FF
066D F0 FF
066E 00 00
066F DD 00
0670 00 00
0671 DD 00
0672 00 FF
0673 D0 FF
0674 00 00
0675 DD 00
0676 00 00
0677 DD 00
0678 00 00
0679 DD 00
067A 00 00
067B DD 00
067C 00 00
067D DD 00
067E 00 00
067F DD 00
0680 0C FF
0681 02 FF
0682 80 FF
0683 00 00
0684 F3 FF
0685 01 FF
0686 9A FF
0687 01 FF
0688 80 FF
0689 01 FF
068A 80 FF
068B 00 FF
068C 50 FF
068D D8 00
068E C0 FF
068F 00 00
0690 00 00
0691 DD 00
0692 00 00
0693 DD 00
0694 40 FF
0695 D8 FF
0696 00 00
0697 DD 00
0698 00 00
0699 DD 00
069A 00 00
069B DD 00
069C 00 00
069D DD 00
069E 78 FF
069F 00 FF
06A0 80 FF
06A1 00 FF
06A2 64 FF
06A3 00 FF
06A4 00 00
06A5 DD 00
06A6 00 00
06A7 DD 00
06A8 00 00
06A9 DD 00
06AA E0 FF
06AB E0 FF
06AC 80 FF
06AD 00 FF
06AE 00 00
06AF DD 00
06B0 44 FF
06B1 E0 FF
06B2 00 00
06B3 DD 00
06B4 00 00
06B5 DD 00
06B6 00 00
06B7 DD 00
06B8 00 00
06B9 DD 00
06BA 00 00
06BB DD 00
06BC C0 FF
06BD 01 FF
06BE 9A FF
06BF 00 FF
06C0 18 FF
06C1 F8 FF
06C2 18 FF
06C3 F0 FF
06C4 28 FF
06C5 F0 FF
06C6 80 FF
06C7 00 00
06C8 60 FF
06C9 F8 FF
06CA 18 FF
06CB F0 FF
06CC 00 00
06CD DD 00
06CE 00 00
06CF DD 00
06D0 00 00
06D1 DD 00
06D2 00 00
06D3 DD 00
06D4 00 00
06D5 DD 00
06D6 00 00
06D7 DD 00
06D8 00 00
06D9 DD 00
06DA 00 00
06DB DD 00
06DC 00 00
06DD DD 00
06DE 00 00
06DF DD 00
06E0 00 00
06E1 DD 00
06E2 00 00
06E3 DD 00
06E4 00 00
06E5 DD 00
06E6 00 00
06E7 DD 00
06E8 00 00
06E9 DD 00
06EA 00 00
06EB DD 00
06EC 00 00
06ED DD 00
06EE 00 00
06EF DD 00
06F0 00 00
06F1 00 00
06F2 00 00
06F3 00 00
06F4 00 00
06F5 00 00
06F6 00 00
06F7 00 00
06F8 00 00
06F9 00 00
06FA 00 00
06FB 00 00
06FC 00 00
06FD 00 00
06FE 00 00
06FF 06 00
0700 00 00
0701 DD 00
0702 00 00
0703 DD 00
0704 00 00
0705 DD 00
0706 00 00
0707 DD 00
0708 00 00
0709 DD 00
070A 00 00
070B DD 00
070C 00 00
070D DD 00
070E 00 00
070F DD 00
0710 88 00
0711 D9 00
0712 00 00
0713 C8 00
0714 00 00
0715 DD 00
0716 CC 00
0717 01 00
0718 01 00
0719 D0 00
071A 31 00
071B 00 00
071C 00 00
071D DD 00
071E 00 00
071F DD 00
0720 00 00
0721 DD 00
0722 00 00
0723 DD 00
0724 00 00
0725 DD 00
0726 00 00
0727 DD 00
0728 00 00
0729 DD 00
072A 00 00
072B DD 00
072C 00 00
072D D8 00
072E 00 00
072F D8 00
0730 00 00
0731 DD 00
0732 00 00
0733 DD 00
0734 00 00
0735 DD 00
0736 00 00
0737 DD 00
0738 00 00
0739 DD 00
073A 00 00
073B DD 00
073C 00 00
073D DD 00
073E 00 00
073F DD 00
0740 00 00
0741 DD 00
0742 00 00
0743 DD 00
0744 00 00
0745 DD 00
0746 00 00
0747 DD 00
0748 00 00
0749 DD 00
074A 00 00
074B DD 00
074C 00 00
074D DD 00
074E 00 00
074F DD 00
0750 00 00
0751 DD 00
0752 00 00
0753 DD 00
0754 00 00
0755 DD 00
0756 00 00
0757 DD 00
0758 00 00
0759 DD 00
075A 00 00
075B DD 00
075C 00 00
075D DD 00
075E 00 00
075F DD 00
0760 00 00
0761 DD 00
0762 00 00
0763 DD 00
0764 00 00
0765 DD 00
0766 00 00
0767 DD 00
0768 00 00
0769 DD 00
076A 00 00
076B DD 00
076C 00 00
076D DD 00
076E 00 00
076F DD 00
0770 00 00
0771 DD 00
0772 00 00
0773 DD 00
0774 00 00
0775 DD 00
0776 00 00
0777 DD 00
0778 00 00
0779 DD 00
077A 00 00
077B DD 00
077C 00 00
077D DD 00
077E 00 00
077F DD 00
0780 00 00
0781 DD 00
0782 00 00
0783 DD 00
0784 00 00
0785 DD 00
0786 00 00
0787 DD 00
0788 00 00
0789 DD 00
078A 00 00
078B DD 00
078C 00 00
078D DD 00
078E 00 00
078F DD 00
0790 00 00
0791 DD 00
0792 00 00
0793 DD 00
0794 00 00
0795 DD 00
0796 00 00
0797 DD 00
0798 00 00
0799 DD 00
079A 00 00
079B DD 00
079C 00 00
079D DD 00
079E 00 00
079F DD 00
07A0 00 00
07A1 DD 00
07A2 00 00
07A3 DD 00
07A4 00 00
07A5 DD 00
07A6 00 00
07A7 DD 00
07A8 00 00
07A9 DD 00
07AA 00 00
07AB DD 00
07AC 00 00
07AD DD 00
07AE 00 00
07AF DD 00
07B0 00 FF
07B1 00 FF
07B2 01 FF
07B3 00 00
07B4 00 00
07B5 DD 00
07B6 CE 00
07B7 01 00
07B8 62 00
07B9 D0 00
07BA 31 00
07BB 00 00
07BC 00 00
07BD DD 00
07BE 00 00
07BF DD 00
07C0 00 00
07C1 DD 00
07C2 00 00
07C3 DD 00
07C4 00 00
07C5 DD 00
07C6 00 00
07C7 DD 00
07C8 00 00
07C9 DD 00
07CA 00 00
07CB DD 00
07CC 00 00
07CD DD 00
07CE 00 00
07CF DD 00
07D0 00 00
07D1 DD 00
07D2 00 00
07D3 DD 00
07D4 00 00
07D5 DD 00
07D6 00 00
07D7 DD 00
07D8 00 00
07D9 DD 00
07DA 00 00
07DB DD 00
07DC 00 00
07DD DD 00
07DE 00 00
07DF DD 00
07E0 00 00
07E1 DD 00
07E2 00 00
07E3 DD 00
07E4 00 00
07E5 DD 00
07E6 00 00
07E7 DD 00
07E8 00 00
07E9 DD 00
07EA 00 00
07EB DD 00
07EC 00 00
07ED DD 00
07EE 00 00
07EF DD 00
07F0 00 00
07F1 DD 00
07F2 00 00
07F3 DD 00
07F4 00 00
07F5 DD 00
07F6 00 00
07F7 DD 00
07F8 00 00
07F9 DD 00
07FA 00 00
07FB DD 00
07FC 00 00
07FD DD 00
07FE 00 00
07FF 07 00
0808 00 00
0809 00 00
080A 00 00
080B 00 00
080C 00 00
080D 00 00
080E 00 00
080F 00 00
0810 00 00
0811 00 00
0812 00 00
0813 00 00
0814 00 00
0815 00 00
0816 00 00
0817 00 00
0818 00 00
0819 00 00
081A 00 00
081B 00 00
081C 00 00
081D 00 00
081E 00 00
081F 00 00
0820 08 0F
0821 00 FF
0822 2A FF
0823 27 FF
0824 A3 FF
0825 00 3F
0826 88 FF
0827 98 FF
0828 06 FF
0829 0F FF
082A 09 FF
082B 00 3F
082C 00 00
082D 00 00
082E 00 00
082F 00 00
0830 00 00
0831 00 00
0832 00 00
0833 00 00
0834 00 00
0835 00 00
0836 00 00
0837 00 00
0838 00 00
0839 00 00
083A 00 00
083B 00 00
083C 00 00
083D 00 00
083E 00 00
083F 00 00
0840 00 00
0841 00 00
0842 00 00
0843 00 00
0844 00 00
0845 00 00
0846 00 00
0847 00 00
0848 00 00
0849 00 00
084A 00 00
084B 00 00
084C 00 00
084D 00 00
084E 00 00
084F 00 00
0850 00 00
0851 00 00
0852 33 00
0853 00 00
0854 A9 00
0855 00 00
0856 31 00
0857 05 00
0858 00 00
0859 00 00
085A 00 00
085B 00 00
085C 00 00
085D 00 00
085E 00 00
085F 00 00
0860 00 00
0861 00 00
0862 00 00
0863 00 00
0864 00 00
0865 00 00
0866 00 00
0867 00 00
0868 00 00
0869 00 00
086A 00 00
086B 00 00
086C 00 00
086D 00 00
086E 00 00
086F 00 00
0870 00 00
0871 00 00
0872 AD 00
0873 04 00
0874 00 00
0875 00 00
0876 00 00
0877 00 00
0878 00 00
0879 00 00
087A 00 00
087B 00 00
087C 00 00
087D 00 00
087E 00 00
087F 00 00
0880 00 00
0881 00 00
0882 00 00
0883 00 00
0884 00 00
0885 00 00
0886 00 00
0887 00 00
0888 00 00
0889 00 00
088A 00 00
088B 00 00
088C 00 00
088D 00 00
088E 00 00
088F 00 00
0890 00 00
0891 00 00
0892 00 00
0893 00 00
0894 00 00
0895 00 00
0896 00 00
0897 00 00
0898 00 00
0899 00 00
089A 00 00
089B 00 00
089C 00 00
089D 00 00
089E 00 00
089F 00 00
08A0 00 00
08A1 00 00
08A2 00 00
08A3 00 00
08A4 00 00
08A5 00 00
08A6 00 00
08A7 00 00
08A8 00 00
08A9 00 00
08AA 00 00
08AB 00 00
08AC 00 00
08AD 00 00
08AE 00 00
08AF 00 00
08B0 00 00
08B1 00 00
08B2 00 00
08B3 00 00
08B4 00 00
08B5 00 00
08B6 00 00
08B7 00 00
08B8 00 00
08B9 00 00
08BA 00 00
08BB 00 00
08BC 00 00
08BD 00 00
08BE 00 00
08BF 00 00
08C0 00 00
08C1 00 00
08C2 00 00
08C3 00 00
08C4 00 00
08C5 00 00
08C6 00 00
08C7 00 00
08C8 00 00
08C9 00 00
08CA 00 00
08CB 00 00
08CC 00 00
08CD 00 00
08CE 00 00
08CF 00 00
08D0 00 00
08D1 00 00
08D2 00 00
08D3 00 00
08D4 00 00
08D5 00 00
08D6 00 00
08D7 00 00
08D8 00 00
08D9 00 00
08DA 00 00
08DB 00 00
08DC 00 00
08DD 00 00
08DE 00 00
08DF 00 00
08E0 00 00
08E1 00 00
08E2 00 00
08E3 00 00
08E4 00 00
08E5 00 00
08E6 00 00
08E7 00 00
08E8 00 00
08E9 00 00
08EA 00 00
08EB 00 00
08EC 00 00
08ED 00 00
08EE 00 00
08EF 00 00
08F0 00 00
08F1 00 00
08F2 00 00
08F3 00 00
08F4 00 00
08F5 00 00
08F6 00 00
08F7 00 00
08F8 00 00
08F9 00 00
08FA 00 00
08FB 00 00
08FC 00 00
08FD 00 00
08FE 00 00
08FF 08 00
0900 00 00
0901 00 00
0902 00 00
0903 00 00
0904 00 00
0905 00 00
0906 00 00
0907 00 00
0908 00 00
0909 00 00
090A 00 00
090B 00 00
090C 00 00
090D 00 00
090E 00 00
090F 00 00
0910 00 00
0911 00 00
0912 00 00
0913 00 00
0914 00 00
0915 00 00
0916 00 00
0917 00 00
0918 00 00
0919 00 00
091A 00 00
091B 00 00
091C 00 00
091D 00 00
091E 00 00
091F 00 00
0920 00 00
0921 00 00
0922 00 00
0923 00 00
0924 00 00
0925 00 00
0926 00 00
0927 00 00
0928 00 00
0929 00 00
092A 00 00
092B 00 00
092C 00 00
092D 00 00
092E 00 00
092F 00 00
0930 00 00
0931 00 00
0932 00 00
0933 00 00
0934 00 00
0935 00 00
0936 00 00
0937 00 00
0938 00 00
0939 00 00
093A 00 00
093B 00 00
093C 00 00
093D 00 00
093E 00 00
093F 00 00
0940 00 00
0941 00 00
0942 00 00
0943 00 00
0944 00 00
0945 00 00
0946 00 00
0947 00 00
0948 00 00
0949 00 00
094A 00 00
094B 00 00
094C 00 00
094D 00 00
094E 00 00
094F 00 00
0950 00 00
0951 00 00
0952 00 00
0953 00 00
0954 00 00
0955 00 00
0956 00 00
0957 00 00
0958 00 00
0959 00 00
095A 00 00
095B 00 00
095C 00 00
095D 00 00
095E 00 00
095F 00 00
0960 00 00
0961 00 00
0962 00 00
0963 00 00
0964 00 00
0965 00 00
0966 00 00
0967 00 00
0968 00 00
0969 00 00
096A 00 00
096B 00 00
096C 00 00
096D 00 00
096E 00 00
096F 00 00
0970 00 00
0971 00 00
0972 00 00
0973 00 00
0974 00 00
0975 00 00
0976 00 00
0977 00 00
0978 00 00
0979 00 00
097A 00 00
097B 00 00
097C 00 00
097D 00 00
097E 00 00
097F 00 00
0980 00 00
0981 00 00
0982 00 00
0983 00 00
0984 00 00
0985 00 00
0986 00 00
0987 00 00
0988 00 00
0989 00 00
098A 00 00
098B 00 00
098C 00 00
098D 00 00
098E 00 00
098F 00 00
0990 00 00
0991 00 00
0992 00 00
0993 00 00
0994 00 00
0995 00 00
0996 00 00
0997 00 00
0998 00 00
0999 00 00
099A 00 00
099B 00 00
099C 00 00
099D 00 00
099E 00 00
099F 00 00
09A0 00 00
09A1 00 00
09A2 00 00
09A3 00 00
09A4 00 00
09A5 00 00
09A6 00 00
09A7 00 00
09A8 00 00
09A9 00 00
09AA 00 00
09AB 00 00
09AC 00 00
09AD 00 00
09AE 00 00
09AF 00 00
09B0 00 00
09B1 00 00
09B2 00 00
09B3 00 00
09B4 00 00
09B5 00 00
09B6 00 00
09B7 00 00
09B8 00 00
09B9 00 00
09BA 00 00
09BB 00 00
09BC 00 00
09BD 00 00
09BE 00 00
09BF 00 00
09C0 00 00
09C1 00 00
09C2 00 00
09C3 00 00
09C4 00 00
09C5 00 00
09C6 00 00
09C7 00 00
09C8 00 00
09C9 00 00
09CA 00 00
09CB 00 00
09CC 00 00
09CD 00 00
09CE 00 00
09CF 00 00
09D0 00 00
09D1 00 00
09D2 00 00
09D3 00 00
09D4 00 00
09D5 00 00
09D6 00 00
09D7 00 00
09D8 00 00
09D9 00 00
09DA 00 00
09DB 00 00
09DC 00 00
09DD 00 00
09DE 00 00
09DF 00 00
09E0 00 00
09E1 00 00
09E2 00 00
09E3 00 00
09E4 00 00
09E5 00 00
09E6 00 00
09E7 00 00
09E8 00 00
09E9 00 00
09EA 00 00
09EB 00 00
09EC 00 00
09ED 00 00
09EE 00 00
09EF 00 00
09F0 00 00
09F1 00 00
09F2 00 00
09F3 00 00
09F4 00 00
09F5 00 00
09F6 00 00
09F7 00 00
09F8 00 00
09F9 00 00
09FA 00 00
09FB 00 00
09FC 00 00
09FD 00 00
09FE 00 00
09FF 00 00
0A00 00 00
0A01 DD 00
0A02 80 FF
0A03 00 00
0A04 1E FF
0A05 00 00
0A06 00 00
0A07 DD 00
0A08 00 00
0A09 DD 00
0A0A 00 00
0A0B DD 00
0A0C 00 00
0A0D DD 00
0A0E 00 00
0A0F DD 00
0A10 00 00
0A11 DD 00
0A12 00 00
0A13 DD 00
0A14 00 00
0A15 DD 00
0A16 00 00
0A17 DD 00
0A18 00 00
0A19 DD 00
0A1A 00 00
0A1B DD 00
0A1C 00 00
0A1D DD 00
0A1E 00 00
0A1F DD 00
0A20 00 FF
0A21 00 00
0A22 00 00
0A23 DD 00
0A24 00 00
0A25 DD 00
0A26 00 00
0A27 DD 00
0A28 00 00
0A29 DD 00
0A2A 00 00
0A2B DD 00
0A2C 00 00
0A2D DD 00
0A2E 00 00
0A2F DD 00
0A30 00 00
0A31 DD 00
0A32 00 00
0A33 DD 00
0A34 00 00
0A35 DD 00
0A36 00 00
0A37 DD 00
0A38 00 00
0A39 DD 00
0A3A 00 00
0A3B DD 00
0A3C 00 00
0A3D DD 00
0A3E 00 00
0A3F DD 00
0A40 18 FF
0A41 00 00
0A42 DA FF
0A43 00 FF
0A44 00 FF
0A45 00 FF
0A46 00 00
0A47 DD 00
0A48 E0 FF
0A49 00 FF
0A4A E0 FF
0A4B 00 FF
0A4C D3 FF
0A4D 00 FF
0A4E 04 FF
0A4F E8 FF
0A50 00 00
0A51 DD 00
0A52 08 FF
0A53 E8 FF
0A54 00 00
0A55 DD 00
0A56 00 00
0A57 DD 00
0A58 00 00
0A59 DD 00
0A5A 00 00
0A5B DD 00
0A5C 00 00
0A5D DD 00
0A5E 00 00
0A5F DD 00
0A60 00 00
0A61 DD 00
0A62 00 00
0A63 DD 00
0A64 00 00
0A65 DD 00
0A66 E8 FF
0A67 03 FF
0A68 00 00
0A69 DD 00
0A6A 12 FF
0A6B F0 FF
0A6C 10 FF
0A6D F0 FF
0A6E 00 00
0A6F DD 00
0A70 00 00
0A71 DD 00
0A72 00 FF
0A73 D0 FF
0A74 00 00
0A75 DD 00
0A76 00 00
0A77 DD 00
0A78 00 00
0A79 DD 00
0A7A 00 00
0A7B DD 00
0A7C 00 00
0A7D DD 00
0A7E 00 00
0A7F DD 00
0A80 F3 FF
0A81 00 FF
0A82 80 FF
0A83 00 00
0A84 0D FF
0A85 01 FF
0A86 C0 FF
0A87 00 FF
0A88 A6 FF
0A89 00 FF
0A8A 80 FF
0A8B 00 FF
0A8C 50 FF
0A8D D8 00
0A8E C0 FF
0A8F 00 00
0A90 00 00
0A91 DD 00
0A92 00 00
0A93 DD 00
0A94 40 FF
0A95 D8 FF
0A96 00 00
0A97 DD 00
0A98 00 00
0A99 DD 00
0A9A 00 00
0A9B DD 00
0A9C 00 00
0A9D DD 00
0A9E 78 FF
0A9F 00 FF
0AA0 80 FF
0AA1 00 FF
0AA2 64 FF
0AA3 00 FF
0AA4 00 00
0AA5 DD 00
0AA6 00 00
0AA7 DD 00
0AA8 00 00
0AA9 DD 00
0AAA E0 FF
0AAB E0 FF
0AAC 80 FF
0AAD 00 FF
0AAE 00 00
0AAF DD 00
0AB0 44 FF
0AB1 E0 FF
0AB2 00 00
0AB3 DD 00
0AB4 00 00
0AB5 DD 00
0AB6 00 00
0AB7 DD 00
0AB8 00 00
0AB9 DD 00
0ABA 00 00
0ABB DD 00
0ABC D2 FF
0ABD 00 FF
0ABE 9A FF
0ABF 00 FF
0AC0 0C FF
0AC1 F8 FF
0AC2 18 FF
0AC3 F0 FF
0AC4 28 FF
0AC5 F0 FF
0AC6 80 FF
0AC7 00 00
0AC8 6C FF
0AC9 F8 FF
0ACA 18 FF
0ACB F0 FF
0ACC 00 00
0ACD DD 00
0ACE 00 00
0ACF DD 00
0AD0 00 00
0AD1 DD 00
0AD2 00 00
0AD3 DD 00
0AD4 00 00
0AD5 DD 00
0AD6 00 00
0AD7 DD 00
0AD8 00 00
0AD9 DD 00
0ADA 00 00
0ADB DD 00
0ADC 00 00
0ADD DD 00
0ADE 00 00
0ADF DD 00
0AE0 00 00
0AE1 DD 00
0AE2 00 00
0AE3 DD 00
0AE4 00 00
0AE5 DD 00
0AE6 00 00
0AE7 DD 00
0AE8 00 00
0AE9 DD 00
0AEA 00 00
0AEB DD 00
0AEC 00 00
0AED DD 00
0AEE 00 00
0AEF DD 00
0AF0 00 00
0AF1 00 00
0AF2 00 00
0AF3 00 00
0AF4 00 00
0AF5 00 00
0AF6 00 00
0AF7 00 00
0AF8 00 00
0AF9 00 00
0AFA 00 00
0AFB 00 00
0AFC 00 00
0AFD 00 00
0AFE 00 00
0AFF 0A 00
0B00 00 00
0B01 DD 00
0B02 00 00
0B03 DD 00
0B04 00 00
0B05 DD 00
0B06 00 00
0B07 DD 00
0B08 00 00
0B09 DD 00
0B0A 00 00
0B0B DD 00
0B0C 00 00
0B0D DD 00
0B0E 00 00
0B0F DD 00
0B10 88 00
0B11 D9 00
0B12 01 00
0B13 C8 00
0B14 00 00
0B15 DD 00
0B16 D9 00
0B17 00 00
0B18 08 00
0B19 D0 00
0B1A 31 00
0B1B 00 00
0B1C 00 00
0B1D DD 00
0B1E 00 00
0B1F DD 00
0B20 00 00
0B21 DD 00
0B22 00 00
0B23 DD 00
0B24 00 00
0B25 DD 00
0B26 00 00
0B27 DD 00
0B28 00 00
0B29 DD 00
0B2A 00 00
0B2B DD 00
0B2C 03 00
0B2D D8 00
0B2E 03 00
0B2F D8 00
0B30 00 00
0B31 DD 00
0B32 00 00
0B33 DD 00
0B34 00 00
0B35 DD 00
0B36 00 00
0B37 DD 00
0B38 00 00
0B39 DD 00
0B3A 00 00
0B3B DD 00
0B3C 00 00
0B3D DD 00
0B3E 00 00
0B3F DD 00
0B40 00 00
0B41 DD 00
0B42 00 00
0B43 DD 00
0B44 00 00
0B45 DD 00
0B46 00 00
0B47 DD 00
0B48 00 00
0B49 DD 00
0B4A 00 00
0B4B DD 00
0B4C 00 00
0B4D DD 00
0B4E 00 00
0B4F DD 00
0B50 00 00
0B51 DD 00
0B52 00 00
0B53 DD 00
0B54 00 00
0B55 DD 00
0B56 00 00
0B57 DD 00
0B58 00 00
0B59 DD 00
0B5A 00 00
0B5B DD 00
0B5C 00 00
0B5D DD 00
0B5E 00 00
0B5F DD 00
0B60 00 00
0B61 DD 00
0B62 00 00
0B63 DD 00
0B64 00 00
0B65 DD 00
0B66 00 00
0B67 DD 00
0B68 00 00
0B69 DD 00
0B6A 00 00
0B6B DD 00
0B6C 00 00
0B6D DD 00
0B6E 00 00
0B6F DD 00
0B70 00 00
0B71 DD 00
0B72 00 00
0B73 DD 00
0B74 00 00
0B75 DD 00
0B76 00 00
0B77 DD 00
0B78 00 00
0B79 DD 00
0B7A 00 00
0B7B DD 00
0B7C 00 00
0B7D DD 00
0B7E 00 00
0B7F DD 00
0B80 00 00
0B81 DD 00
0B82 00 00
0B83 DD 00
0B84 00 00
0B85 DD 00
0B86 00 00
0B87 DD 00
0B88 00 00
0B89 DD 00
0B8A 00 00
0B8B DD 00
0B8C 00 00
0B8D DD 00
0B8E 00 00
0B8F DD 00
0B90 00 00
0B91 DD 00
0B92 00 00
0B93 DD 00
0B94 00 00
0B95 DD 00
0B96 00 00
0B97 DD 00
0B98 00 00
0B99 DD 00
0B9A 00 00
0B9B DD 00
0B9C 00 00
0B9D DD 00
0B9E 00 00
0B9F DD 00
0BA0 00 00
0BA1 DD 00
0BA2 00 00
0BA3 DD 00
0BA4 00 00
0BA5 DD 00
0BA6 00 00
0BA7 DD 00
0BA8 00 00
0BA9 DD 00
0BAA 00 00
0BAB DD 00
0BAC 00 00
0BAD DD 00
0BAE 00 00
0BAF DD 00
0BB0 00 FF
0BB1 00 FF
0BB2 01 FF
0BB3 00 00
0BB4 00 00
0BB5 DD 00
0BB6 DC 00
0BB7 00 00
0BB8 2D 00
0BB9 D0 00
0BBA 31 00
0BBB 00 00
0BBC 00 00
0BBD DD 00
0BBE 00 00
0BBF DD 00
0BC0 00 00
0BC1 DD 00
0BC2 00 00
0BC3 DD 00
0BC4 00 00
0BC5 DD 00
0BC6 00 00
0BC7 DD 00
0BC8 00 00
0BC9 DD 00
0BCA 00 00
0BCB DD 00
0BCC 00 00
0BCD DD 00
0BCE 00 00
0BCF DD 00
0BD0 00 00
0BD1 DD 00
0BD2 00 00
0BD3 DD 00
0BD4 00 00
0BD5 DD 00
0BD6 00 00
0BD7 DD 00
0BD8 00 00
0BD9 DD 00
0BDA 00 00
0BDB DD 00
0BDC 00 00
0BDD DD 00
0BDE 00 00
0BDF DD 00
0BE0 00 00
0BE1 DD 00
0BE2 00 00
0BE3 DD 00
0BE4 00 00
0BE5 DD 00
0BE6 00 00
0BE7 DD 00
0BE8 00 00
0BE9 DD 00
0BEA 00 00
0BEB DD 00
0BEC 00 00
0BED DD 00
0BEE 00 00
0BEF DD 00
0BF0 00 00
0BF1 DD 00
0BF2 00 00
0BF3 DD 00
0BF4 00 00
0BF5 DD 00
0BF6 00 00
0BF7 DD 00
0BF8 00 00
0BF9 DD 00
0BFA 00 00
0BFB DD 00
0BFC 00 00
0BFD DD 00
0BFE 00 00
0BFF 0B 00
0C08 00 00
0C09 00 00
0C0A 00 00
0C0B 00 00
0C0C 00 00
0C0D 00 00
0C0E 00 00
0C0F 00 00
0C10 00 00
0C11 00 00
0C12 00 00
0C13 00 00
0C14 00 00
0C15 00 00
0C16 00 00
0C17 00 00
0C18 00 00
0C19 00 00
0C1A 00 00
0C1B 00 00
0C1C 00 00
0C1D 00 00
0C1E 00 00
0C1F 00 00
0C20 08 0F
0C21 00 FF
0C22 2C FF
0C23 2A FF
0C24 A3 FF
0C25 00 3F
0C26 88 FF
0C27 99 FF
0C28 06 FF
0C29 0F FF
0C2A 09 FF
0C2B 00 3F
0C2C 00 00
0C2D 00 00
0C2E 00 00
0C2F 00 00
0C30 00 00
0C31 00 00
0C32 00 00
0C33 00 00
0C34 00 00
0C35 00 00
0C36 00 00
0C37 00 00
0C38 00 00
0C39 00 00
0C3A 00 00
0C3B 00 00
0C3C 00 00
0C3D 00 00
0C3E 00 00
0C3F 00 00
0C40 00 00
0C41 00 00
0C42 00 00
0C43 00 00
0C44 00 00
0C45 00 00
0C46 00 00
0C47 00 00
0C48 00 00
0C49 00 00
0C4A 00 00
0C4B 00 00
0C4C 00 00
0C4D 00 00
0C4E 00 00
0C4F 00 00
0C50 00 00
0C51 00 00
0C52 33 00
0C53 00 00
0C54 EF 00
0C55 00 00
0C56 34 00
0C57 05 00
0C58 00 00
0C59 00 00
0C5A 00 00
0C5B 00 00
0C5C 00 00
0C5D 00 00
0C5E 00 00
0C5F 00 00
0C60 00 00
0C61 00 00
0C62 00 00
0C63 00 00
0C64 00 00
0C65 00 00
0C66 00 00
0C67 00 00
0C68 00 00
0C69 00 00
0C6A 00 00
0C6B 00 00
0C6C 00 00
0C6D 00 00
0C6E 00 00
0C6F 00 00
0C70 00 00
0C71 00 00
0C72 AD 00
0C73 04 00
0C74 00 00
0C75 00 00
0C76 00 00
0C77 00 00
0C78 00 00
0C79 00 00
0C7A 00 00
0C7B 00 00
0C7C 00 00
0C7D 00 00
0C7E 00 00
0C7F 00 00
0C80 00 00
0C81 00 00
0C82 00 00
0C83 00 00
0C84 00 00
0C85 00 00
0C86 00 00
0C87 00 00
0C88 00 00
0C89 00 00
0C8A 00 00
0C8B 00 00
0C8C 00 00
0C8D 00 00
0C8E 00 00
0C8F 00 00
0C90 00 00
0C91 00 00
0C92 00 00
0C93 00 00
0C94 00 00
0C95 00 00
0C96 00 00
0C97 00 00
0C98 00 00
0C99 00 00
0C9A 00 00
0C9B 00 00
0C9C 00 00
0C9D 00 00
0C9E 00 00
0C9F 00 00
0CA0 00 00
0CA1 00 00
0CA2 00 00
0CA3 00 00
0CA4 00 00
0CA5 00 00
0CA6 00 00
0CA7 00 00
0CA8 00 00
0CA9 00 00
0CAA 00 00
0CAB 00 00
0CAC 00 00
0CAD 00 00
0CAE 00 00
0CAF 00 00
0CB0 00 00
0CB1 00 00
0CB2 00 00
0CB3 00 00
0CB4 00 00
0CB5 00 00
0CB6 00 00
0CB7 00 00
0CB8 00 00
0CB9 00 00
0CBA 00 00
0CBB 00 00
0CBC 00 00
0CBD 00 00
0CBE 00 00
0CBF 00 00
0CC0 00 00
0CC1 00 00
0CC2 00 00
0CC3 00 00
0CC4 00 00
0CC5 00 00
0CC6 00 00
0CC7 00 00
0CC8 00 00
0CC9 00 00
0CCA 00 00
0CCB 00 00
0CCC 00 00
0CCD 00 00
0CCE 00 00
0CCF 00 00
0CD0 00 00
0CD1 00 00
0CD2 00 00
0CD3 00 00
0CD4 00 00
0CD5 00 00
0CD6 00 00
0CD7 00 00
0CD8 00 00
0CD9 00 00
0CDA 00 00
0CDB 00 00
0CDC 00 00
0CDD 00 00
0CDE 00 00
0CDF 00 00
0CE0 00 00
0CE1 00 00
0CE2 00 00
0CE3 00 00
0CE4 00 00
0CE5 00 00
0CE6 00 00
0CE7 00 00
0CE8 00 00
0CE9 00 00
0CEA 00 00
0CEB 00 00
0CEC 00 00
0CED 00 00
0CEE 00 00
0CEF 00 00
0CF0 00 00
0CF1 00 00
0CF2 00 00
0CF3 00 00
0CF4 00 00
0CF5 00 00
0CF6 00 00
0CF7 00 00
0CF8 00 00
0CF9 00 00
0CFA 00 00
0CFB 00 00
0CFC 00 00
0CFD 00 00
0CFE 00 00
0CFF 0C 00
0D00 00 00
0D01 00 00
0D02 00 00
0D03 00 00
0D04 00 00
0D05 00 00
0D06 00 00
0D07 00 00
0D08 00 00
0D09 00 00
0D0A 00 00
0D0B 00 00
0D0C 00 00
0D0D 00 00
0D0E 00 00
0D0F 00 00
0D10 00 00
0D11 00 00
0D12 00 00
0D13 00 00
0D14 00 00
0D15 00 00
0D16 00 00
0D17 00 00
0D18 00 00
0D19 00 00
0D1A 00 00
0D1B 00 00
0D1C 00 00
0D1D 00 00
0D1E 00 00
0D1F 00 00
0D20 00 00
0D21 00 00
0D22 00 00
0D23 00 00
0D24 00 00
0D25 00 00
0D26 00 00
0D27 00 00
0D28 00 00
0D29 00 00
0D2A 00 00
0D2B 00 00
0D2C 00 00
0D2D 00 00
0D2E 00 00
0D2F 00 00
0D30 00 00
0D31 00 00
0D32 00 00
0D33 00 00
0D34 00 00
0D35 00 00
0D36 00 00
0D37 00 00
0D38 00 00
0D39 00 00
0D3A 00 00
0D3B 00 00
0D3C 00 00
0D3D 00 00
0D3E 00 00
0D3F 00 00
0D40 00 00
0D41 00 00
0D42 00 00
0D43 00 00
0D44 00 00
0D45 00 00
0D46 00 00
0D47 00 00
0D48 00 00
0D49 00 00
0D4A 00 00
0D4B 00 00
0D4C 00 00
0D4D 00 00
0D4E 00 00
0D4F 00 00
0D50 00 00
0D51 00 00
0D52 00 00
0D53 00 00
0D54 00 00
0D55 00 00
0D56 00 00
0D57 00 00
0D58 00 00
0D59 00 00
0D5A 00 00
0D5B 00 00
0D5C 00 00
0D5D 00 00
0D5E 00 00
0D5F 00 00
0D60 00 00
0D61 00 00
0D62 00 00
0D63 00 00
0D64 00 00
0D65 00 00
0D66 00 00
0D67 00 00
0D68 00 00
0D69 00 00
0D6A 00 00
0D6B 00 00
0D6C 00 00
0D6D 00 00
0D6E 00 00
0D6F 00 00
0D70 00 00
0D71 00 00
0D72 00 00
0D73 00 00
0D74 00 00
0D75 00 00
0D76 00 00
0D77 00 00
0D78 00 00
0D79 00 00
0D7A 00 00
0D7B 00 00
0D7C 00 00
0D7D 00 00
0D7E 00 00
0D7F 00 00
0D80 00 00
0D81 00 00
0D82 00 00
0D83 00 00
0D84 00 00
0D85 00 00
0D86 00 00
0D87 00 00
0D88 00 00
0D89 00 00
0D8A 00 00
0D8B 00 00
0D8C 00 00
0D8D 00 00
0D8E 00 00
0D8F 00 00
0D90 00 00
0D91 00 00
0D92 00 00
0D93 00 00
0D94 00 00
0D95 00 00
0D96 00 00
0D97 00 00
0D98 00 00
0D99 00 00
0D9A 00 00
0D9B 00 00
0D9C 00 00
0D9D 00 00
0D9E 00 00
0D9F 00 00
0DA0 00 00
0DA1 00 00
0DA2 00 00
0DA3 00 00
0DA4 00 00
0DA5 00 00
0DA6 00 00
0DA7 00 00
0DA8 00 00
0DA9 00 00
0DAA 00 00
0DAB 00 00
0DAC 00 00
0DAD 00 00
0DAE 00 00
0DAF 00 00
0DB0 00 00
0DB1 00 00
0DB2 00 00
0DB3 00 00
0DB4 00 00
0DB5 00 00
0DB6 00 00
0DB7 00 00
0DB8 00 00
0DB9 00 00
0DBA 00 00
0DBB 00 00
0DBC 00 00
0DBD 00 00
0DBE 00 00
0DBF 00 00
0DC0 00 00
0DC1 00 00
0DC2 00 00
0DC3 00 00
0DC4 00 00
0DC5 00 00
0DC6 00 00
0DC7 00 00
0DC8 00 00
0DC9 00 00
0DCA 00 00
0DCB 00 00
0DCC 00 00
0DCD 00 00
0DCE 00 00
0DCF 00 00
0DD0 00 00
0DD1 00 00
0DD2 00 00
0DD3 00 00
0DD4 00 00
0DD5 00 00
0DD6 00 00
0DD7 00 00
0DD8 00 00
0DD9 00 00
0DDA 00 00
0DDB 00 00
0DDC 00 00
0DDD 00 00
0DDE 00 00
0DDF 00 00
0DE0 00 00
0DE1 00 00
0DE2 00 00
0DE3 00 00
0DE4 00 00
0DE5 00 00
0DE6 00 00
0DE7 00 00
0DE8 00 00
0DE9 00 00
0DEA 00 00
0DEB 00 00
0DEC 00 00
0DED 00 00
0DEE 00 00
0DEF 00 00
0DF0 00 00
0DF1 00 00
0DF2 00 00
0DF3 00 00
0DF4 00 00
0DF5 00 00
0DF6 00 00
0DF7 00 00
0DF8 00 00
0DF9 00 00
0DFA 00 00
0DFB 00 00
0DFC 00 00
0DFD 00 00
0DFE 00 00
0DFF 00 00
0E00 00 00
0E01 DD 00
0E02 80 FF
0E03 00 00
0E04 1E FF
0E05 00 00
0E06 00 00
0E07 DD 00
0E08 00 00
0E09 DD 00
0E0A 00 00
0E0B DD 00
0E0C 00 00
0E0D DD 00
0E0E 00 00
0E0F DD 00
0E10 00 00
0E11 DD 00
0E12 00 00
0E13 DD 00
0E14 00 00
0E15 DD 00
0E16 00 00
0E17 DD 00
0E18 00 00
0E19 DD 00
0E1A 00 00
0E1B DD 00
0E1C 00 00
0E1D DD 00
0E1E 00 00
0E1F DD 00
0E20 00 FF
0E21 00 00
0E22 00 00
0E23 DD 00
0E24 00 00
0E25 DD 00
0E26 00 00
0E27 DD 00
0E28 00 00
0E29 DD 00
0E2A 00 00
0E2B DD 00
0E2C 00 00
0E2D DD 00
0E2E 00 00
0E2F DD 00
0E30 00 00
0E31 DD 00
0E32 00 00
0E33 DD 00
0E34 00 00
0E35 DD 00
0E36 00 00
0E37 DD 00
0E38 00 00
0E39 DD 00
0E3A 00 00
0E3B DD 00
0E3C 00 00
0E3D DD 00
0E3E 00 00
0E3F DD 00
0E40 18 FF
0E41 00 00
0E42 33 FF
0E43 01 FF
0E44 00 FF
0E45 00 FF
0E46 00 00
0E47 DD 00
0E48 3C FF
0E49 01 FF
0E4A 3C FF
0E4B 01 FF
0E4C 2A FF
0E4D 01 FF
0E4E 04 FF
0E4F E8 FF
0E50 00 00
0E51 DD 00
0E52 08 FF
0E53 E8 FF
0E54 00 00
0E55 DD 00
0E56 00 00
0E57 DD 00
0E58 00 00
0E59 DD 00
0E5A 00 00
0E5B DD 00
0E5C 00 00
0E5D DD 00
0E5E 00 00
0E5F DD 00
0E60 00 00
0E61 DD 00
0E62 00 00
0E63 DD 00
0E64 00 00
0E65 DD 00
0E66 E8 FF
0E67 03 FF
0E68 00 00
0E69 DD 00
0E6A 12 FF
0E6B F0 FF
0E6C 10 FF
0E6D F0 FF
0E6E 00 00
0E6F DD 00
0E70 00 00
0E71 DD 00
0E72 00 FF
0E73 D0 FF
0E74 00 00
0E75 DD 00
0E76 00 00
0E77 DD 00
0E78 00 00
0E79 DD 00
0E7A 00 00
0E7B DD 00
0E7C 00 00
0E7D DD 00
0E7E 00 00
0E7F DD 00
0E80 73 FF
0E81 01 FF
0E82 80 FF
0E83 00 00
0E84 5A FF
0E85 01 FF
0E86 1A FF
0E87 01 FF
0E88 00 FF
0E89 01 FF
0E8A 80 FF
0E8B 00 FF
0E8C 6A FF
0E8D D8 00
0E8E C0 FF
0E8F 00 00
0E90 00 00
0E91 DD 00
0E92 00 00
0E93 DD 00
0E94 80 FF
0E95 D8 FF
0E96 00 00
0E97 DD 00
0E98 00 00
0E99 DD 00
0E9A 00 00
0E9B DD 00
0E9C 00 00
0E9D DD 00
0E9E 78 FF
0E9F 00 FF
0EA0 80 FF
0EA1 00 FF
0EA2 64 FF
0EA3 00 FF
0EA4 00 00
0EA5 DD 00
0EA6 00 00
0EA7 DD 00
0EA8 00 00
0EA9 DD 00
0EAA E0 FF
0EAB E0 FF
0EAC 80 FF
0EAD 00 FF
0EAE 00 00
0EAF DD 00
0EB0 44 FF
0EB1 E0 FF
0EB2 00 00
0EB3 DD 00
0EB4 00 00
0EB5 DD 00
0EB6 00 00
0EB7 DD 00
0EB8 00 00
0EB9 DD 00
0EBA 00 00
0EBB DD 00
0EBC 1A FF
0EBD 01 FF
0EBE 9A FF
0EBF 00 FF
0EC0 60 FF
0EC1 F8 FF
0EC2 18 FF
0EC3 F0 FF
0EC4 28 FF
0EC5 F0 FF
0EC6 80 FF
0EC7 00 00
0EC8 18 FF
0EC9 F8 FF
0ECA 18 FF
0ECB F0 FF
0ECC 00 00
0ECD DD 00
0ECE 00 00
0ECF DD 00
0ED0 00 00
0ED1 DD 00
0ED2 00 00
0ED3 DD 00
0ED4 00 00
0ED5 DD 00
0ED6 00 00
0ED7 DD 00
0ED8 00 00
0ED9 DD 00
0EDA 00 00
0EDB DD 00
0EDC 00 00
0EDD DD 00
0EDE 00 00
0EDF DD 00
0EE0 00 00
0EE1 DD 00
0EE2 00 00
0EE3 DD 00
0EE4 00 00
0EE5 DD 00
0EE6 00 00
0EE7 DD 00
0EE8 00 00
0EE9 DD 00
0EEA 00 00
0EEB DD 00
0EEC 00 00
0EED DD 00
0EEE 00 00
0EEF DD 00
0EF0 00 00
0EF1 00 00
0EF2 00 00
0EF3 00 00
0EF4 00 00
0EF5 00 00
0EF6 00 00
0EF7 00 00
0EF8 00 00
0EF9 00 00
0EFA 00 00
0EFB 00 00
0EFC 00 00
0EFD 00 00
0EFE 00 00
0EFF 0E 00
0F00 00 00
0F01 DD 00
0F02 00 00
0F03 DD 00
0F04 00 00
0F05 DD 00
0F06 00 00
0F07 DD 00
0F08 00 00
0F09 DD 00
0F0A 00 00
0F0B DD 00
0F0C 00 00
0F0D DD 00
0F0E 00 00
0F0F DD 00
0F10 84 00
0F11 D9 00
0F12 00 00
0F13 C8 00
0F14 00 00
0F15 DD 00
0F16 33 00
0F17 01 00
0F18 01 00
0F19 D0 00
0F1A 31 00
0F1B 00 00
0F1C 00 00
0F1D DD 00
0F1E 00 00
0F1F DD 00
0F20 00 00
0F21 DD 00
0F22 00 00
0F23 DD 00
0F24 00 00
0F25 DD 00
0F26 00 00
0F27 DD 00
0F28 00 00
0F29 DD 00
0F2A 00 00
0F2B DD 00
0F2C 00 00
0F2D D8 00
0F2E 00 00
0F2F D8 00
0F30 00 00
0F31 DD 00
0F32 00 00
0F33 DD 00
0F34 00 00
0F35 DD 00
0F36 00 00
0F37 DD 00
0F38 00 00
0F39 DD 00
0F3A 00 00
0F3B DD 00
0F3C 00 00
0F3D DD 00
0F3E 00 00
0F3F DD 00
0F40 00 00
0F41 DD 00
0F42 00 00
0F43 DD 00
0F44 00 00
0F45 DD 00
0F46 00 00
0F47 DD 00
0F48 00 00
0F49 DD 00
0F4A 00 00
0F4B DD 00
0F4C 00 00
0F4D DD 00
0F4E 00 00
0F4F DD 00
0F50 00 00
0F51 DD 00
0F52 00 00
0F53 DD 00
0F54 00 00
0F55 DD 00
0F56 00 00
0F57 DD 00
0F58 00 00
0F59 DD 00
0F5A 00 00
0F5B DD 00
0F5C 00 00
0F5D DD 00
0F5E 00 00
0F5F DD 00
0F60 00 00
0F61 DD 00
0F62 00 00
0F63 DD 00
0F64 00 00
0F65 DD 00
0F66 00 00
0F67 DD 00
0F68 00 00
0F69 DD 00
0F6A 00 00
0F6B DD 00
0F6C 00 00
0F6D DD 00
0F6E 00 00
0F6F DD 00
0F70 00 00
0F71 DD 00
0F72 00 00
0F73 DD 00
0F74 00 00
0F75 DD 00
0F76 00 00
0F77 DD 00
0F78 00 00
0F79 DD 00
0F7A 00 00
0F7B DD 00
0F7C 00 00
0F7D DD 00
0F7E 00 00
0F7F DD 00
0F80 00 00
0F81 DD 00
0F82 00 00
0F83 DD 00
0F84 00 00
0F85 DD 00
0F86 00 00
0F87 DD 00
0F88 00 00
0F89 DD 00
0F8A 00 00
0F8B DD 00
0F8C 00 00
0F8D DD 00
0F8E 00 00
0F8F DD 00
0F90 00 00
0F91 DD 00
0F92 00 00
0F93 DD 00
0F94 00 00
0F95 DD 00
0F96 00 00
0F97 DD 00
0F98 00 00
0F99 DD 00
0F9A 00 00
0F9B DD 00
0F9C 00 00
0F9D DD 00
0F9E 00 00
0F9F DD 00
0FA0 00 00
0FA1 DD 00
0FA2 00 00
0FA3 DD 00
0FA4 00 00
0FA5 DD 00
0FA6 00 00
0FA7 DD 00
0FA8 00 00
0FA9 DD 00
0FAA 00 00
0FAB DD 00
0FAC 00 00
0FAD DD 00
0FAE 00 00
0FAF DD 00
0FB0 00 FF
0FB1 00 FF
0FB2 01 FF
0FB3 00 00
0FB4 00 00
0FB5 DD 00
0FB6 3A 00
0FB7 01 00
0FB8 05 00
0FB9 D0 00
0FBA 31 00
0FBB 00 00
0FBC 00 00
0FBD DD 00
0FBE 00 00
0FBF DD 00
0FC0 00 00
0FC1 DD 00
0FC2 00 00
0FC3 DD 00
0FC4 00 00
0FC5 DD 00
0FC6 00 00
0FC7 DD 00
0FC8 00 00
0FC9 DD 00
0FCA 00 00
0FCB DD 00
0FCC 00 00
0FCD DD 00
0FCE 00 00
0FCF DD 00
0FD0 00 00
0FD1 DD 00
0FD2 00 00
0FD3 DD 00
0FD4 00 00
0FD5 DD 00
0FD6 00 00
0FD7 DD 00
0FD8 00 00
0FD9 DD 00
0FDA 00 00
0FDB DD 00
0FDC 00 00
0FDD DD 00
0FDE 00 00
0FDF DD 00
0FE0 00 00
0FE1 DD 00
0FE2 00 00
0FE3 DD 00
0FE4 00 00
0FE5 DD 00
0FE6 00 00
0FE7 DD 00
0FE8 00 00
0FE9 DD 00
0FEA 00 00
0FEB DD 00
0FEC 00 00
0FED DD 00
0FEE 00 00
0FEF DD 00
0FF0 00 00
0FF1 DD 00
0FF2 00 00
0FF3 DD 00
0FF4 00 00
0FF5 DD 00
0FF6 00 00
0FF7 DD 00
0FF8 00 00
0FF9 DD 00
0FFA 00 00
0FFB DD 00
0FFC 00 00
0FFD DD 00
0FFE 00 00
0FFF 0F 00
1008 00 00
1009 00 00
100A 00 00
100B 00 00
100C 00 00
100D 00 00
100E 00 00
100F 00 00
1010 00 00
1011 00 00
1012 00 00
1013 00 00
1014 00 00
1015 00 00
1016 00 00
1017 00 00
1018 00 00
1019 00 00
101A 00 00
101B 00 00
101C 00 00
101D 00 00
101E 00 00
101F 00 00
1020 08 0F
1021 00 FF
1022 28 FF
1023 27 FF
1024 A3 FF
1025 00 3F
1026 88 FF
1027 99 FF
1028 06 FF
1029 0F FF
102A 09 FF
102B 00 3F
102C 00 00
102D 00 00
102E 00 00
102F 00 00
1030 00 00
1031 00 00
1032 00 00
1033 00 00
1034 00 00
1035 00 00
1036 00 00
1037 00 00
1038 00 00
1039 00 00
103A 00 00
103B 00 00
103C 00 00
103D 00 00
103E 00 00
103F 00 00
1040 00 00
1041 00 00
1042 00 00
1043 00 00
1044 00 00
1045 00 00
1046 00 00
1047 00 00
1048 00 00
1049 00 00
104A 00 00
104B 00 00
104C 00 00
104D 00 00
104E 00 00
104F 00 00
1050 00 00
1051 00 00
1052 33 00
1053 00 00
1054 A9 00
1055 00 00
1056 33 00
1057 05 00
1058 00 00
1059 00 00
105A 00 00
105B 00 00
105C 00 00
105D 00 00
105E 00 00
105F 00 00
1060 00 00
1061 00 00
1062 00 00
1063 00 00
1064 00 00
1065 00 00
1066 00 00
1067 00 00
1068 00 00
1069 00 00
106A 00 00
106B 00 00
106C 00 00
106D 00 00
106E 00 00
106F 00 00
1070 00 00
1071 00 00
1072 AD 00
1073 04 00
1074 00 00
1075 00 00
1076 00 00
1077 00 00
1078 00 00
1079 00 00
107A 00 00
107B 00 00
107C 00 00
107D 00 00
107E 00 00
107F 00 00
1080 00 00
1081 00 00
1082 00 00
1083 00 00
1084 00 00
1085 00 00
1086 00 00
1087 00 00
1088 00 00
1089 00 00
108A 00 00
108B 00 00
108C 00 00
108D 00 00
108E 00 00
108F 00 00
1090 00 00
1091 00 00
1092 00 00
1093 00 00
1094 00 00
1095 00 00
1096 00 00
1097 00 00
1098 00 00
1099 00 00
109A 00 00
109B 00 00
109C 00 00
109D 00 00
109E 00 00
109F 00 00
10A0 00 00
10A1 00 00
10A2 00 00
10A3 00 00
10A4 00 00
10A5 00 00
10A6 00 00
10A7 00 00
10A8 00 00
10A9 00 00
10AA 00 00
10AB 00 00
10AC 00 00
10AD 00 00
10AE 00 00
10AF 00 00
10B0 00 00
10B1 00 00
10B2 00 00
10B3 00 00
10B4 00 00
10B5 00 00
10B6 00 00
10B7 00 00
10B8 00 00
10B9 00 00
10BA 00 00
10BB 00 00
10BC 00 00
10BD 00 00
10BE 00 00
10BF 00 00
10C0 00 00
10C1 00 00
10C2 00 00
10C3 00 00
10C4 00 00
10C5 00 00
10C6 00 00
10C7 00 00
10C8 00 00
10C9 00 00
10CA 00 00
10CB 00 00
10CC 00 00
10CD 00 00
10CE 00 00
10CF 00 00
10D0 00 00
10D1 00 00
10D2 00 00
10D3 00 00
10D4 00 00
10D5 00 00
10D6 00 00
10D7 00 00
10D8 00 00
10D9 00 00
10DA 00 00
10DB 00 00
10DC 00 00
10DD 00 00
10DE 00 00
10DF 00 00
10E0 00 00
10E1 00 00
10E2 00 00
10E3 00 00
10E4 00 00
10E5 00 00
10E6 00 00
10E7 00 00
10E8 00 00
10E9 00 00
10EA 00 00
10EB 00 00
10EC 00 00
10ED 00 00
10EE 00 00
10EF 00 00
10F0 00 00
10F1 00 00
10F2 00 00
10F3 00 00
10F4 00 00
10F5 00 00
10F6 00 00
10F7 00 00
10F8 00 00
10F9 00 00
10FA 00 00
10FB 00 00
10FC 00 00
10FD 00 00
10FE 00 00
10FF 10 00
1100 00 00
1101 00 00
1102 00 00
1103 00 00
1104 00 00
1105 00 00
1106 00 00
1107 00 00
1108 00 00
1109 00 00
110A 00 00
110B 00 00
110C 00 00
110D 00 00
110E 00 00
110F 00 00
1110 00 00
1111 00 00
1112 00 00
1113 00 00
1114 00 00
1115 00 00
1116 00 00
1117 00 00
1118 00 00
1119 00 00
111A 00 00
111B 00 00
111C 00 00
111D 00 00
111E 00 00
111F 00 00
1120 00 00
1121 00 00
1122 00 00
1123 00 00
1124 00 00
1125 00 00
1126 00 00
1127 00 00
1128 00 00
1129 00 00
112A 00 00
112B 00 00
112C 00 00
112D 00 00
112E 00 00
112F 00 00
1130 00 00
1131 00 00
1132 00 00
1133 00 00
1134 00 00
1135 00 00
1136 00 00
1137 00 00
1138 00 00
1139 00 00
113A 00 00
113B 00 00
113C 00 00
113D 00 00
113E 00 00
113F 00 00
1140 00 00
1141 00 00
1142 00 00
1143 00 00
1144 00 00
1145 00 00
1146 00 00
1147 00 00
1148 00 00
1149 00 00
114A 00 00
114B 00 00
114C 00 00
114D 00 00
114E 00 00
114F 00 00
1150 00 00
1151 00 00
1152 00 00
1153 00 00
1154 00 00
1155 00 00
1156 00 00
1157 00 00
1158 00 00
1159 00 00
115A 00 00
115B 00 00
115C 00 00
115D 00 00
115E 00 00
115F 00 00
1160 00 00
1161 00 00
1162 00 00
1163 00 00
1164 00 00
1165 00 00
1166 00 00
1167 00 00
1168 00 00
1169 00 00
116A 00 00
116B 00 00
116C 00 00
116D 00 00
116E 00 00
116F 00 00
1170 00 00
1171 00 00
1172 00 00
1173 00 00
1174 00 00
1175 00 00
1176 00 00
1177 00 00
1178 00 00
1179 00 00
117A 00 00
117B 00 00
117C 00 00
117D 00 00
117E 00 00
117F 00 00
1180 00 00
1181 00 00
1182 00 00
1183 00 00
1184 00 00
1185 00 00
1186 00 00
1187 00 00
1188 00 00
1189 00 00
118A 00 00
118B 00 00
118C 00 00
118D 00 00
118E 00 00
118F 00 00
1190 00 00
1191 00 00
1192 00 00
1193 00 00
1194 00 00
1195 00 00
1196 00 00
1197 00 00
1198 00 00
1199 00 00
119A 00 00
119B 00 00
119C 00 00
119D 00 00
119E 00 00
119F 00 00
11A0 00 00
11A1 00 00
11A2 00 00
11A3 00 00
11A4 00 00
11A5 00 00
11A6 00 00
11A7 00 00
11A8 00 00
11A9 00 00
11AA 00 00
11AB 00 00
11AC 00 00
11AD 00 00
11AE 00 00
11AF 00 00
11B0 00 00
11B1 00 00
11B2 00 00
11B3 00 00
11B4 00 00
11B5 00 00
11B6 00 00
11B7 00 00
11B8 00 00
11B9 00 00
11BA 00 00
11BB 00 00
11BC 00 00
11BD 00 00
11BE 00 00
11BF 00 00
11C0 00 00
11C1 00 00
11C2 00 00
11C3 00 00
11C4 00 00
11C5 00 00
11C6 00 00
11C7 00 00
11C8 00 00
11C9 00 00
11CA 00 00
11CB 00 00
11CC 00 00
11CD 00 00
11CE 00 00
11CF 00 00
11D0 00 00
11D1 00 00
11D2 00 00
11D3 00 00
11D4 00 00
11D5 00 00
11D6 00 00
11D7 00 00
11D8 00 00
11D9 00 00
11DA 00 00
11DB 00 00
11DC 00 00
11DD 00 00
11DE 00 00
11DF 00 00
11E0 00 00
11E1 00 00
11E2 00 00
11E3 00 00
11E4 00 00
11E5 00 00
11E6 00 00
11E7 00 00
11E8 00 00
11E9 00 00
11EA 00 00
11EB 00 00
11EC 00 00
11ED 00 00
11EE 00 00
11EF 00 00
11F0 00 00
11F1 00 00
11F2 00 00
11F3 00 00
11F4 00 00
11F5 00 00
11F6 00 00
11F7 00 00
11F8 00 00
11F9 00 00
11FA 00 00
11FB 00 00
11FC 00 00
11FD 00 00
11FE 00 00
11FF 00 00
1200 00 00
1201 DD 00
1202 80 FF
1203 00 00
1204 1E FF
1205 00 00
1206 00 00
1207 DD 00
1208 00 00
1209 DD 00
120A 00 00
120B DD 00
120C 00 00
120D DD 00
120E 00 00
120F DD 00
1210 00 00
1211 DD 00
1212 00 00
1213 DD 00
1214 00 00
1215 DD 00
1216 00 00
1217 DD 00
1218 00 00
1219 DD 00
121A 00 00
121B DD 00
121C 00 00
121D DD 00
121E 00 00
121F DD 00
1220 00 FF
1221 00 00
1222 00 00
1223 DD 00
1224 00 00
1225 DD 00
1226 00 00
1227 DD 00
1228 00 00
1229 DD 00
122A 00 00
122B DD 00
122C 00 00
122D DD 00
122E 00 00
122F DD 00
1230 00 00
1231 DD 00
1232 00 00
1233 DD 00
1234 00 00
1235 DD 00
1236 00 00
1237 DD 00
1238 00 00
1239 DD 00
123A 00 00
123B DD 00
123C 00 00
123D DD 00
123E 00 00
123F DD 00
1240 18 FF
1241 00 00
1242 DA FF
1243 00 FF
1244 00 FF
1245 00 FF
1246 00 00
1247 DD 00
1248 E0 FF
1249 00 FF
124A E0 FF
124B 00 FF
124C D3 FF
124D 00 FF
124E 04 FF
124F E8 FF
1250 00 00
1251 DD 00
1252 08 FF
1253 E8 FF
1254 00 00
1255 DD 00
1256 00 00
1257 DD 00
1258 00 00
1259 DD 00
125A 00 00
125B DD 00
125C 00 00
125D DD 00
125E 00 00
125F DD 00
1260 00 00
1261 DD 00
1262 00 00
1263 DD 00
1264 00 00
1265 DD 00
1266 2C FF
1267 09 FF
1268 00 00
1269 DD 00
126A 12 FF
126B F0 FF
126C 10 FF
126D F0 FF
126E 00 00
126F DD 00
1270 00 00
1271 DD 00
1272 00 FF
1273 D0 FF
1274 00 00
1275 DD 00
1276 00 00
1277 DD 00
1278 00 00
1279 DD 00
127A 00 00
127B DD 00
127C 00 00
127D DD 00
127E 00 00
127F DD 00
1280 0C FF
1281 01 FF
1282 80 FF
1283 00 00
1284 F3 FF
1285 00 FF
1286 C0 FF
1287 00 FF
1288 A6 FF
1289 00 FF
128A 80 FF
128B 00 FF
128C B0 FF
128D D8 00
128E C0 FF
128F 00 00
1290 00 00
1291 DD 00
1292 00 00
1293 DD 00
1294 80 FF
1295 D8 FF
1296 00 00
1297 DD 00
1298 00 00
1299 DD 00
129A 00 00
129B DD 00
129C 00 00
129D DD 00
129E 78 FF
129F 00 FF
12A0 80 FF
12A1 00 FF
12A2 64 FF
12A3 00 FF
12A4 00 00
12A5 DD 00
12A6 00 00
12A7 DD 00
12A8 00 00
12A9 DD 00
12AA E0 FF
12AB E0 FF
12AC 80 FF
12AD 00 FF
12AE 00 00
12AF DD 00
12B0 44 FF
12B1 E0 FF
12B2 00 00
12B3 DD 00
12B4 00 00
12B5 DD 00
12B6 00 00
12B7 DD 00
12B8 00 00
12B9 DD 00
12BA 00 00
12BB DD 00
12BC D2 FF
12BD 00 FF
12BE 9A FF
12BF 00 FF
12C0 24 FF
12C1 F8 FF
12C2 18 FF
12C3 F0 FF
12C4 28 FF
12C5 F0 FF
12C6 80 FF
12C7 00 00
12C8 54 FF
12C9 F8 FF
12CA 18 FF
12CB F0 FF
12CC 00 00
12CD DD 00
12CE 00 00
12CF DD 00
12D0 00 00
12D1 DD 00
12D2 00 00
12D3 DD 00
12D4 00 00
12D5 DD 00
12D6 00 00
12D7 DD 00
12D8 00 00
12D9 DD 00
12DA 00 00
12DB DD 00
12DC 00 00
12DD DD 00
12DE 00 00
12DF DD 00
12E0 00 00
12E1 DD 00
12E2 00 00
12E3 DD 00
12E4 00 00
12E5 DD 00
12E6 00 00
12E7 DD 00
12E8 00 00
12E9 DD 00
12EA 00 00
12EB DD 00
12EC 00 00
12ED DD 00
12EE 00 00
12EF DD 00
12F0 00 00
12F1 00 00
12F2 00 00
12F3 00 00
12F4 00 00
12F5 00 00
12F6 00 00
12F7 00 00
12F8 00 00
12F9 00 00
12FA 00 00
12FB 00 00
12FC 00 00
12FD 00 00
12FE 00 00
12FF 12 00
1300 00 00
1301 DD 00
1302 00 00
1303 DD 00
1304 00 00
1305 DD 00
1306 00 00
1307 DD 00
1308 00 00
1309 DD 00
130A 00 00
130B DD 00
130C 00 00
130D DD 00
130E 00 00
130F DD 00
1310 85 00
1311 D9 00
1312 00 00
1313 C8 00
1314 00 00
1315 DD 00
1316 DA 00
1317 00 00
1318 05 00
1319 D0 00
131A 31 00
131B 00 00
131C 00 00
131D DD 00
131E 00 00
131F DD 00
1320 00 00
1321 DD 00
1322 00 00
1323 DD 00
1324 00 00
1325 DD 00
1326 00 00
1327 DD 00
1328 00 00
1329 DD 00
132A 00 00
132B DD 00
132C 01 00
132D D8 00
132E 00 00
132F D8 00
1330 00 00
1331 DD 00
1332 00 00
1333 DD 00
1334 00 00
1335 DD 00
1336 00 00
1337 DD 00
1338 00 00
1339 DD 00
133A 00 00
133B DD 00
133C 00 00
133D DD 00
133E 00 00
133F DD 00
1340 00 00
1341 DD 00
1342 00 00
1343 DD 00
1344 00 00
1345 DD 00
1346 00 00
1347 DD 00
1348 00 00
1349 DD 00
134A 00 00
134B DD 00
134C 00 00
134D DD 00
134E 00 00
134F DD 00
1350 00 00
1351 DD 00
1352 00 00
1353 DD 00
1354 00 00
1355 DD 00
1356 00 00
1357 DD 00
1358 00 00
1359 DD 00
135A 00 00
135B DD 00
135C 00 00
135D DD 00
135E 00 00
135F DD 00
1360 00 00
1361 DD 00
1362 00 00
1363 DD 00
1364 00 00
1365 DD 00
1366 00 00
1367 DD 00
1368 00 00
1369 DD 00
136A 00 00
136B DD 00
136C 00 00
136D DD 00
136E 00 00
136F DD 00
1370 00 00
1371 DD 00
1372 00 00
1373 DD 00
1374 00 00
1375 DD 00
1376 00 00
1377 DD 00
1378 00 00
1379 DD 00
137A 00 00
137B DD 00
137C 00 00
137D DD 00
137E 00 00
137F DD 00
1380 00 00
1381 DD 00
1382 00 00
1383 DD 00
1384 00 00
1385 DD 00
1386 00 00
1387 DD 00
1388 00 00
1389 DD 00
138A 00 00
138B DD 00
138C 00 00
138D DD 00
138E 00 00
138F DD 00
1390 00 00
1391 DD 00
1392 00 00
1393 DD 00
1394 00 00
1395 DD 00
1396 00 00
1397 DD 00
1398 00 00
1399 DD 00
139A 00 00
139B DD 00
139C 00 00
139D DD 00
139E 00 00
139F DD 00
13A0 00 00
13A1 DD 00
13A2 00 00
13A3 DD 00
13A4 00 00
13A5 DD 00
13A6 00 00
13A7 DD 00
13A8 00 00
13A9 DD 00
13AA 00 00
13AB DD 00
13AC 00 00
13AD DD 00
13AE 00 00
13AF DD 00
13B0 00 FF
13B1 00 FF
13B2 01 FF
13B3 00 00
13B4 00 00
13B5 DD 00
13B6 DC 00
13B7 00 00
13B8 B2 00
13B9 D0 00
13BA 31 00
13BB 00 00
13BC 00 00
13BD DD 00
13BE 00 00
13BF DD 00
13C0 00 00
13C1 DD 00
13C2 00 00
13C3 DD 00
13C4 00 00
13C5 DD 00
13C6 00 00
13C7 DD 00
13C8 00 00
13C9 DD 00
13CA 00 00
13CB DD 00
13CC 00 00
13CD DD 00
13CE 00 00
13CF DD 00
13D0 00 00
13D1 DD 00
13D2 00 00
13D3 DD 00
13D4 00 00
13D5 DD 00
13D6 00 00
13D7 DD 00
13D8 00 00
13D9 DD 00
13DA 00 00
13DB DD 00
13DC 00 00
13DD DD 00
13DE 00 00
13DF DD 00
13E0 00 00
13E1 DD 00
13E2 00 00
13E3 DD 00
13E4 00 00
13E5 DD 00
13E6 00 00
13E7 DD 00
13E8 00 00
13E9 DD 00
13EA 00 00
13EB DD 00
13EC 00 00
13ED DD 00
13EE 00 00
13EF DD 00
13F0 00 00
13F1 DD 00
13F2 00 00
13F3 DD 00
13F4 00 00
13F5 DD 00
13F6 00 00
13F7 DD 00
13F8 00 00
13F9 DD 00
13FA 00 00
13FB DD 00
13FC 00 00
13FD DD 00
13FE 00 00
13FF 13 00
1406 00 00
1407 00 00
1408 00 00
1409 00 00
140A 00 00
140B 00 00
140C 00 00
140D 00 00
140E 00 00
140F 00 00
1410 00 00
1411 00 00
1412 00 00
1413 00 00
1414 00 00
1415 00 00
1416 00 00
1417 00 00
1418 00 00
1419 00 00
141A 00 00
141B 00 00
141C 00 00
141D 00 00
141E 00 00
141F 00 00
1420 4D FF
1421 00 FF
1422 00 00
1423 00 00
1424 00 00
1425 00 00
1426 00 00
1427 00 00
1428 00 00
1429 00 00
142A 00 00
142B 00 00
142C 00 00
142D 00 00
142E 00 00
142F 00 00
1430 00 00
1431 00 00
1432 00 00
1433 00 00
1434 00 00
1435 00 00
1436 00 00
1437 00 00
1438 00 00
1439 00 00
143A 00 00
143B 00 00
143C 00 00
143D 00 00
143E 00 00
143F 00 00
1440 00 00
1441 00 00
1442 00 00
1443 00 00
1444 00 00
1445 00 00
1446 00 00
1447 00 00
1448 00 00
1449 00 00
144A 00 00
144B 00 00
144C 00 00
144D 00 00
144E 00 00
144F 00 00
1450 00 00
1451 00 00
1452 1F 00
1453 01 00
1454 00 00
1455 00 00
1456 00 00
1457 00 00
1458 00 00
1459 00 00
145A 00 00
145B 00 00
145C 00 00
145D 00 00
145E 00 00
145F 00 00
1460 00 00
1461 00 00
1462 00 00
1463 00 00
1464 00 00
1465 00 00
1466 00 00
1467 00 00
1468 00 00
1469 00 00
146A 00 00
146B 00 00
146C 00 00
146D 00 00
146E 00 00
146F 00 00
1470 00 00
1471 00 00
1472 00 00
1473 00 00
1474 00 00
1475 00 00
1476 00 00
1477 00 00
1478 00 00
1479 00 00
147A 00 00
147B 00 00
147C 00 00
147D 00 00
147E 00 00
147F 00 00
1480 00 00
1481 00 00
1482 00 00
1483 00 00
1484 00 00
1485 00 00
1486 00 00
1487 00 00
1488 00 00
1489 00 00
148A 00 00
148B 00 00
148C 00 00
148D 00 00
148E 00 00
148F 00 00
1490 00 00
1491 00 00
1492 00 00
1493 00 00
1494 00 00
1495 00 00
1496 00 00
1497 00 00
1498 00 00
1499 00 00
149A 00 00
149B 00 00
149C 00 00
149D 00 00
149E 00 00
149F 00 00
14A0 00 00
14A1 00 00
14A2 00 00
14A3 00 00
14A4 00 00
14A5 00 00
14A6 00 00
14A7 00 00
14A8 00 00
14A9 00 00
14AA 00 00
14AB 00 00
14AC 00 00
14AD 00 00
14AE 00 00
14AF 00 00
14B0 00 00
14B1 00 00
14B2 00 00
14B3 00 00
14B4 00 00
14B5 00 00
14B6 00 00
14B7 00 00
14B8 00 00
14B9 00 00
14BA 00 00
14BB 00 00
14BC 00 00
14BD 00 00
14BE 00 00
14BF 00 00
14C0 00 00
14C1 00 00
14C2 00 00
14C3 00 00
14C4 00 00
14C5 00 00
14C6 00 00
14C7 00 00
14C8 00 00
14C9 00 00
14CA 00 00
14CB 00 00
14CC 00 00
14CD 00 00
14CE 00 00
14CF 00 00
14D0 00 00
14D1 00 00
14D2 00 00
14D3 00 00
14D4 00 00
14D5 00 00
14D6 00 00
14D7 00 00
14D8 00 00
14D9 00 00
14DA 00 00
14DB 00 00
14DC 00 00
14DD 00 00
14DE 00 00
14DF 00 00
14E0 00 00
14E1 00 00
14E2 00 00
14E3 00 00
14E4 00 00
14E5 00 00
14E6 00 00
14E7 00 00
14E8 00 00
14E9 00 00
14EA 00 00
14EB 00 00
14EC 00 00
14ED 00 00
14EE 00 00
14EF 00 00
14F0 00 00
14F1 00 00
14F2 00 00
14F3 00 00
14F4 00 00
14F5 00 00
14F6 00 00
14F7 00 00
14F8 00 00
14F9 00 00
14FA 00 00
14FB 00 00
14FC 00 00
14FD 00 00
14FE 00 00
14FF 14 00
1500 00 00
1501 00 00
1502 00 00
1503 00 00
1504 00 00
1505 00 00
1506 00 00
1507 00 00
1508 00 00
1509 00 00
150A 00 00
150B 00 00
150C 00 00
150D 00 00
150E 00 00
150F 00 00
1510 00 00
1511 00 00
1512 00 00
1513 00 00
1514 00 00
1515 00 00
1516 00 00
1517 00 00
1518 00 00
1519 00 00
151A 00 00
151B 00 00
151C 00 00
151D 00 00
151E 00 00
151F 00 00
1520 00 00
1521 00 00
1522 00 00
1523 00 00
1524 00 00
1525 00 00
1526 00 00
1527 00 00
1528 00 00
1529 00 00
152A 00 00
152B 00 00
152C 00 00
152D 00 00
152E 00 00
152F 00 00
1530 00 00
1531 00 00
1532 00 00
1533 00 00
1534 00 00
1535 00 00
1536 00 00
1537 00 00
1538 00 00
1539 00 00
153A 00 00
153B 00 00
153C 00 00
153D 00 00
153E 00 00
153F 00 00
1540 00 00
1541 00 00
1542 00 00
1543 00 00
1544 00 00
1545 00 00
1546 00 00
1547 00 00
1548 00 00
1549 00 00
154A 00 00
154B 00 00
154C 00 00
154D 00 00
154E 00 00
154F 00 00
1550 00 00
1551 00 00
1552 00 00
1553 00 00
1554 00 00
1555 00 00
1556 00 00
1557 00 00
1558 00 00
1559 00 00
155A 00 00
155B 00 00
155C 00 00
155D 00 00
155E 00 00
155F 00 00
1560 00 00
1561 00 00
1562 00 00
1563 00 00
1564 00 00
1565 00 00
1566 00 00
1567 00 00
1568 00 00
1569 00 00
156A 00 00
156B 00 00
156C 00 00
156D 00 00
156E 00 00
156F 00 00
1570 00 00
1571 00 00
1572 00 00
1573 00 00
1574 00 00
1575 00 00
1576 00 00
1577 00 00
1578 00 00
1579 00 00
157A 00 00
157B 00 00
157C 00 00
157D 00 00
157E 00 00
157F 00 00
1580 00 00
1581 00 00
1582 00 00
1583 00 00
1584 00 00
1585 00 00
1586 00 00
1587 00 00
1588 00 00
1589 00 00
158A 00 00
158B 00 00
158C 00 00
158D 00 00
158E 00 00
158F 00 00
1590 00 00
1591 00 00
1592 00 00
1593 00 00
1594 00 00
1595 00 00
1596 00 00
1597 00 00
1598 00 00
1599 00 00
159A 00 00
159B 00 00
159C 00 00
159D 00 00
159E 00 00
159F 00 00
15A0 00 00
15A1 00 00
15A2 00 00
15A3 00 00
15A4 00 00
15A5 00 00
15A6 00 00
15A7 00 00
15A8 00 00
15A9 00 00
15AA 00 00
15AB 00 00
15AC 00 00
15AD 00 00
15AE 00 00
15AF 00 00
15B0 00 00
15B1 00 00
15B2 00 00
15B3 00 00
15B4 00 00
15B5 00 00
15B6 00 00
15B7 00 00
15B8 00 00
15B9 00 00
15BA 00 00
15BB 00 00
15BC 00 00
15BD 00 00
15BE 00 00
15BF 00 00
15C0 00 00
15C1 00 00
15C2 00 00
15C3 00 00
15C4 00 00
15C5 00 00
15C6 00 00
15C7 00 00
15C8 00 00
15C9 00 00
15CA 00 00
15CB 00 00
15CC 00 00
15CD 00 00
15CE 00 00
15CF 00 00
15D0 00 00
15D1 00 00
15D2 00 00
15D3 00 00
15D4 00 00
15D5 00 00
15D6 00 00
15D7 00 00
15D8 00 00
15D9 00 00
15DA 00 00
15DB 00 00
15DC 00 00
15DD 00 00
15DE 00 00
15DF 00 00
15E0 00 00
15E1 00 00
15E2 00 00
15E3 00 00
15E4 00 00
15E5 00 00
15E6 00 00
15E7 00 00
15E8 00 00
15E9 00 00
15EA 00 00
15EB 00 00
15EC 00 00
15ED 00 00
15EE 00 00
15EF 00 00
15F0 00 00
15F1 00 00
15F2 00 00
15F3 00 00
15F4 00 00
15F5 00 00
15F6 00 00
15F7 00 00
15F8 00 00
15F9 00 00
15FA 00 00
15FB 00 00
15FC 00 00
15FD 00 00
15FE 00 00
15FF 00 00
1600 00 00
1601 DD 00
1602 80 FF
1603 00 00
1604 1F FF
1605 00 00
1606 00 00
1607 DD 00
1608 00 00
1609 DD 00
160A 00 00
160B DD 00
160C 00 00
160D DD 00
160E 00 00
160F DD 00
1610 00 00
1611 DD 00
1612 00 00
1613 DD 00
1614 00 00
1615 DD 00
1616 00 00
1617 DD 00
1618 00 00
1619 DD 00
161A 00 00
161B DD 00
161C 00 00
161D DD 00
161E 00 00
161F DD 00
1620 00 FF
1621 00 00
1622 00 00
1623 DD 00
1624 00 00
1625 DD 00
1626 00 00
1627 DD 00
1628 00 00
1629 DD 00
162A 00 00
162B DD 00
162C 00 00
162D DD 00
162E 00 00
162F DD 00
1630 00 00
1631 DD 00
1632 00 00
1633 DD 00
1634 00 00
1635 DD 00
1636 00 00
1637 DD 00
1638 00 00
1639 DD 00
163A 00 00
163B DD 00
163C 00 00
163D DD 00
163E 00 00
163F DD 00
1640 18 FF
1641 00 00
1642 00 00
1643 DD 00
1644 00 00
1645 DD 00
1646 00 00
1647 DD 00
1648 00 00
1649 DD 00
164A 00 00
164B DD 00
164C 00 00
164D DD 00
164E 00 00
164F DD 00
1650 00 00
1651 DD 00
1652 00 00
1653 DD 00
1654 00 00
1655 DD 00
1656 00 00
1657 DD 00
1658 00 00
1659 DD 00
165A 00 00
165B DD 00
165C 00 00
165D DD 00
165E 00 00
165F DD 00
1660 00 00
1661 DD 00
1662 00 00
1663 DD 00
1664 00 00
1665 DD 00
1666 00 00
1667 DD 00
1668 00 00
1669 DD 00
166A 26 FF
166B D8 FF
166C 10 FF
166D D8 FF
166E 00 00
166F DD 00
1670 00 00
1671 DD 00
1672 00 FF
1673 B0 FF
1674 00 00
1675 DD 00
1676 00 00
1677 DD 00
1678 00 00
1679 DD 00
167A 00 00
167B DD 00
167C 00 00
167D DD 00
167E 00 00
167F DD 00
1680 3F 00
1681 02 00
1682 80 FF
1683 00 00
1684 05 00
1685 02 00
1686 92 00
1687 01 00
1688 59 00
1689 01 00
168A 00 00
168B DD 00
168C B8 FF
168D C0 00
168E C0 FF
168F 00 00
1690 00 00
1691 DD 00
1692 00 00
1693 DD 00
1694 A7 FF
1695 C0 FF
1696 00 00
1697 DD 00
1698 00 00
1699 DD 00
169A 00 00
169B DD 00
169C 00 00
169D DD 00
169E 78 FF
169F 00 FF
16A0 80 FF
16A1 00 FF
16A2 64 FF
16A3 00 FF
16A4 00 00
16A5 DD 00
16A6 00 00
16A7 DD 00
16A8 00 00
16A9 DD 00
16AA 00 FF
16AB CA FF
16AC 80 FF
16AD 00 FF
16AE 00 00
16AF DD 00
16B0 3F FF
16B1 C8 FF
16B2 00 00
16B3 DD 00
16B4 00 00
16B5 DD 00
16B6 00 00
16B7 DD 00
16B8 00 00
16B9 DD 00
16BA 00 00
16BB DD 00
16BC 1C FF
16BD 00 FF
16BE 10 FF
16BF 00 FF
16C0 00 FF
16C1 F8 FF
16C2 00 00
16C3 DD 00
16C4 28 FF
16C5 F0 FF
16C6 00 FF
16C7 00 00
16C8 00 00
16C9 DD 00
16CA 00 00
16CB DD 00
16CC 00 00
16CD DD 00
16CE 00 00
16CF DD 00
16D0 00 00
16D1 DD 00
16D2 00 00
16D3 DD 00
16D4 00 00
16D5 DD 00
16D6 00 00
16D7 DD 00
16D8 00 00
16D9 DD 00
16DA 00 00
16DB DD 00
16DC 00 00
16DD DD 00
16DE 00 00
16DF DD 00
16E0 00 00
16E1 DD 00
16E2 00 00
16E3 DD 00
16E4 00 00
16E5 DD 00
16E6 00 00
16E7 DD 00
16E8 00 00
16E9 DD 00
16EA 00 00
16EB DD 00
16EC 00 00
16ED DD 00
16EE 00 00
16EF DD 00
16F0 01 00
16F1 80 00
16F2 01 00
16F3 80 00
16F4 04 00
16F5 00 00
16F6 00 00
16F7 00 00
16F8 00 00
16F9 00 00
16FA 00 00
16FB 00 00
16FC 00 00
16FD 1C 00
16FE 00 00
16FF 16 00
1700 00 00
1701 DD 00
1702 00 00
1703 DD 00
1704 00 00
1705 DD 00
1706 00 00
1707 DD 00
1708 00 00
1709 DD 00
170A 00 00
170B DD 00
170C 00 00
170D DD 00
170E 00 00
170F DD 00
1710 E5 00
1711 C8 00
1712 00 00
1713 DD 00
1714 00 00
1715 DD 00
1716 34 00
1717 01 00
1718 00 00
1719 B0 00
171A 31 00
171B 00 00
171C 00 00
171D DD 00
171E 00 00
171F DD 00
1720 00 00
1721 DD 00
1722 00 00
1723 DD 00
1724 00 00
1725 DD 00
1726 00 00
1727 DD 00
1728 00 00
1729 DD 00
172A 00 00
172B DD 00
172C 00 00
172D D0 00
172E 00 00
172F D0 00
1730 00 00
1731 DD 00
1732 00 00
1733 DD 00
1734 00 00
1735 DD 00
1736 00 00
1737 DD 00
1738 00 00
1739 DD 00
173A 00 00
173B DD 00
173C 00 00
173D DD 00
173E 00 00
173F DD 00
1740 00 00
1741 DD 00
1742 00 00
1743 DD 00
1744 00 00
1745 DD 00
1746 00 00
1747 DD 00
1748 00 00
1749 DD 00
174A 00 00
174B DD 00
174C 00 00
174D DD 00
174E 00 00
174F DD 00
1750 00 00
1751 DD 00
1752 00 00
1753 DD 00
1754 00 00
1755 DD 00
1756 00 00
1757 DD 00
1758 00 00
1759 DD 00
175A 00 00
175B DD 00
175C 00 00
175D DD 00
175E 00 00
175F DD 00
1760 00 00
1761 DD 00
1762 00 00
1763 DD 00
1764 00 00
1765 DD 00
1766 00 00
1767 DD 00
1768 00 00
1769 DD 00
176A 00 00
176B DD 00
176C 00 00
176D DD 00
176E 00 00
176F DD 00
1770 00 00
1771 DD 00
1772 00 00
1773 DD 00
1774 00 00
1775 DD 00
1776 00 00
1777 DD 00
1778 00 00
1779 DD 00
177A 00 00
177B DD 00
177C 00 00
177D DD 00
177E 00 00
177F DD 00
1780 00 00
1781 DD 00
1782 00 00
1783 DD 00
1784 00 00
1785 DD 00
1786 00 00
1787 DD 00
1788 00 00
1789 DD 00
178A 00 00
178B DD 00
178C 00 00
178D DD 00
178E 00 00
178F DD 00
1790 00 00
1791 DD 00
1792 00 00
1793 DD 00
1794 00 00
1795 DD 00
1796 00 00
1797 DD 00
1798 00 00
1799 DD 00
179A 00 00
179B DD 00
179C 00 00
179D DD 00
179E 00 00
179F DD 00
17A0 00 00
17A1 DD 00
17A2 00 00
17A3 DD 00
17A4 00 00
17A5 DD 00
17A6 00 00
17A7 DD 00
17A8 00 00
17A9 DD 00
17AA 00 00
17AB DD 00
17AC 00 00
17AD DD 00
17AE 00 00
17AF DD 00
17B0 00 FF
17B1 00 FF
17B2 00 00
17B3 DD 00
17B4 00 00
17B5 DD 00
17B6 34 00
17B7 01 00
17B8 52 00
17B9 B0 00
17BA 31 00
17BB 00 00
17BC 00 FF
17BD 00 00
17BE 00 00
17BF DD 00
17C0 00 00
17C1 DD 00
17C2 00 00
17C3 DD 00
17C4 00 00
17C5 DD 00
17C6 00 00
17C7 DD 00
17C8 00 00
17C9 DD 00
17CA 00 00
17CB DD 00
17CC 00 00
17CD DD 00
17CE 00 00
17CF DD 00
17D0 00 00
17D1 DD 00
17D2 00 00
17D3 DD 00
17D4 00 00
17D5 DD 00
17D6 00 00
17D7 DD 00
17D8 00 00
17D9 DD 00
17DA 00 00
17DB DD 00
17DC 00 00
17DD DD 00
17DE 00 00
17DF DD 00
17E0 00 00
17E1 DD 00
17E2 00 00
17E3 DD 00
17E4 00 00
17E5 DD 00
17E6 00 00
17E7 DD 00
17E8 00 00
17E9 DD 00
17EA 00 00
17EB DD 00
17EC 00 00
17ED DD 00
17EE 00 00
17EF DD 00
17F0 00 00
17F1 DD 00
17F2 00 00
17F3 DD 00
17F4 00 00
17F5 DD 00
17F6 00 00
17F7 DD 00
17F8 00 00
17F9 DD 00
17FA 00 00
17FB DD 00
17FC 00 00
17FD DD 00
17FE 00 00
17FF 17 00
